1
0.3333333333, -0.05, 1
0.3333333333, -0.22, 1
0.3333333333, -0.42, 1
0.3333333333, -0.71, 1
0.3333333333, -0.92, 1
0.3333333333, -1, -0.2, 1
0.3333333333, -1, -0.58, 1
1
0.4285714286, -0.04, 1
0.4285714286, -0.28, 1
0.4285714286, -0.53, 1
0.4285714286, -0.71, 1
0.4285714286, -0.88, 1
0.4285714286, -1, -0.34, 1
0.4285714286, -1, -0.73, 1
0.4285714286, -1, -1, -0.28, 1
0.4285714286, -1, -1, -0.77, 1
0.4285714286, -1, -1, -1, -0.14, 1
0.4285714286, -1, -1, -1, -0.42, 1
1
0.5, -0.06, 1
0.5, -0.14, 1
0.5, -0.21, 1
0.5, -0.27, 1
0.5, -0.39, 1
0.5, -0.52, 1
0.5, -0.64, 1
0.5, -0.75, 1
0.5, -1, -0.01, 1
0.5, -1, -0.28, 1
0.5, -1, -0.6, 1
0.5, -1, -0.84, 1
0.5, -1, -1, -0.48, 1
0.5, -1, -1, -1, -0.21, 1
0.5, -1, -1, -1, -0.72, 1
0.5, -1, -1, -1, -1, -0.1, 1
0.5, -1, -1, -1, -1, -0.39, 1
0.5, -1, -1, -1, -1, -0.61, 1
1
0.5555555556, -0.02, 1
0.5555555556, -0.14, 1
0.5555555556, -0.25, 1
0.5555555556, -0.34, 1
0.5555555556, -0.41, 1
0.5555555556, -0.59, 1
0.5555555556, -0.75, 1
0.5555555556, -0.89, 1
0.5555555556, -1, -0.01, 1
0.5555555556, -1, -0.12, 1
0.5555555556, -1, -0.21, 1
0.5555555556, -1, -0.3, 1
0.5555555556, -1, -0.73, 1
0.5555555556, -1, -1, -0.06, 1
0.5555555556, -1, -1, -0.43, 1
0.5555555556, -1, -1, -0.88, 1
0.5555555556, -1, -1, -1, -0.73, 1
0.5555555556, -1, -1, -1, -1, -0.31, 1
0.5555555556, -1, -1, -1, -1, -0.73, 1
1
0.6, -0.02, 1
0.6, -0.04, 1
0.6, -0.08, 1
0.6, -0.21, 1
0.6, -0.34, 1
0.6, -0.45, 1
0.6, -0.56, 1
0.6, -0.78, 1
0.6, -0.96, 1
0.6, -1, -0.11, 1
0.6, -1, -0.25, 1
0.6, -1, -0.36, 1
0.6, -1, -0.47, 1
0.6, -1, -0.66, 1
0.6, -1, -0.83, 1
0.6, -1, -0.98, 1
0.6, -1, -1, -0.36, 1
0.6, -1, -1, -0.85, 1
0.6, -1, -1, -1, -0.45, 1
0.6, -1, -1, -1, -0.93, 1
0.6, -1, -1, -1, -1, -0.64, 1
1
0.6363636364, -0.01, 1
0.6363636364, -0.04, 1
0.6363636364, -0.1, 1
0.6363636364, -0.17, 1
0.6363636364, -0.34, 1
0.6363636364, -0.48, 1
0.6363636364, -0.59, 1
0.6363636364, -0.84, 1
0.6363636364, -1, -0.05, 1
0.6363636364, -1, -0.23, 1
0.6363636364, -1, -0.38, 1
0.6363636364, -1, -0.51, 1
0.6363636364, -1, -0.69, 1
0.6363636364, -1, -0.9, 1
0.6363636364, -1, -1, -0.08, 1
0.6363636364, -1, -1, -0.24, 1
0.6363636364, -1, -1, -0.39, 1
0.6363636364, -1, -1, -0.54, 1
0.6363636364, -1, -1, -1, -0.13, 1
0.6363636364, -1, -1, -1, -0.8, 1
0.6363636364, -1, -1, -1, -1, -0.32, 1
0.6363636364, -1, -1, -1, -1, -0.74, 1
1
0.6666666667, -0.02, 1
0.6666666667, -0.07, 1
0.6666666667, -0.14, 1
0.6666666667, -0.23, 1
0.6666666667, -0.42, 1
0.6666666667, -0.57, 1
0.6666666667, -0.75, 1
0.6666666667, -1, -0.02, 1
0.6666666667, -1, -0.24, 1
0.6666666667, -1, -0.43, 1
0.6666666667, -1, -0.58, 1
0.6666666667, -1, -0.78, 1
0.6666666667, -1, -1, -0.01, 1
0.6666666667, -1, -1, -0.22, 1
0.6666666667, -1, -1, -0.4, 1
0.6666666667, -1, -1, -0.56, 1
0.6666666667, -1, -1, -0.78, 1
0.6666666667, -1, -1, -1, 1
0.6666666667, -1, -1, -1, -0.21, 1
0.6666666667, -1, -1, -1, -0.98, 1
0.6666666667, -1, -1, -1, -1, -0.56, 1
1
0.7142857143, -0.02, 1
0.7142857143, -0.09, 1
0.7142857143, -0.14, 1
0.7142857143, -0.24, 1
0.7142857143, -0.44, 1
0.7142857143, -0.64, 1
0.7142857143, -0.88, 1
0.7142857143, -1, -0.2, 1
0.7142857143, -1, -0.45, 1
0.7142857143, -1, -0.67, 1
0.7142857143, -1, -0.89, 1
0.7142857143, -1, -1, -0.19, 1
0.5714285714, -0.01, 0.3333333333, -1, -1, -0.4366666667, 1
0.5714285714, -0.02, 0.3333333333, -1, -1, -0.6466666667, 1
0.5714285714, -0.04, 0.3333333333, -1, -1, -0.8866666667, 1
0.5714285714, -0.05, 0.3333333333, -1, -1, -1, -0.1566666667, 1
0.5714285714, -0.09, 0.3333333333, -1, -1, -1, -0.4466666667, 1
0.5714285714, -0.13, 0.3333333333, -1, -1, -1, -0.7766666667, 1
0.5714285714, -0.25, 0.3333333333, -1, -1, -1, -1, -0.5366666667, 1
1
0.75, -0.01, 1
0.75, -0.1, 1
0.75, -0.17, 1
0.75, -0.24, 1
0.75, -0.3, 1
0.75, -0.54, 1
0.75, -0.77, 1
0.75, -1, -0.14, 1
0.625, -0.01, 0.3333333333, -1, -0.4666666667, 1
0.625, -0.06, 0.3333333333, -1, -0.7066666667, 1
0.625, -0.1, 0.3333333333, -1, -0.9966666667, 1
0.625, -0.14, 0.3333333333, -1, -1, -0.3166666667, 1
0.625, -0.17, 0.3333333333, -1, -1, -0.5766666667, 1
0.625, -0.19, 0.3333333333, -1, -1, -0.8466666667, 1
0.625, -0.21, 0.3333333333, -1, -1, -1, -0.1766666667, 1
0.625, -0.27, 0.3333333333, -1, -1, -1, -0.5366666667, 1
0.625, -0.33, 0.3333333333, -1, -1, -1, -0.9066666667, 1
0.625, -0.51, 0.3333333333, -1, -1, -1, -1, -0.7266666667, 1
1
0.7777777778, -0.04, 1
0.7777777778, -0.14, 1
0.7777777778, -0.23, 1
0.7777777778, -0.31, 1
0.7777777778, -0.39, 1
0.7777777778, -0.56, 1
0.7777777778, -0.83, 1
0.6666666667, -0.05, 0.3333333333, -1, -0.2466666667, 1
0.6666666667, -0.13, 0.3333333333, -1, -0.5766666667, 1
0.6666666667, -0.19, 0.3333333333, -1, -0.8466666667, 1
0.6666666667, -0.25, 0.3333333333, -1, -1, -0.2366666667, 1
0.5555555556, -0.02, 0.25, -0.2766666667, 0.3333333333, -1, -1, -0.5566666667, 1
0.5555555556, -0.05, 0.25, -0.2766666667, 0.3333333333, -1, -1, -0.9066666667, 1
0.5555555556, -0.08, 0.25, -0.2766666667, 0.3333333333, -1, -1, -1, -0.2966666667, 1
0.5555555556, -0.11, 0.25, -0.3366666667, 0.3333333333, -1, -1, -1, -0.7766666667, 1
0.5555555556, -0.13, 0.25, -0.3966666667, 0.3333333333, -1, -1, -1, -1, -0.1766666667, 1
0.5555555556, -0.15, 0.25, -0.4466666667, 0.3333333333, -1, -1, -1, -1, -0.5066666667, 1
0.5555555556, -0.16, 0.25, -0.5066666667, 0.3333333333, -1, -1, -1, -1, -0.7866666667, 1
0.5555555556, -0.42, 0.25, -0.6766666667, 0.3333333333, -1, -1, -1, -1, -1, -0.9166666667, 1
1
0.8, -0.03, 1
0.8, -0.15, 1
0.8, -0.26, 1
0.8, -0.36, 1
0.8, -0.47, 1
0.8, -0.65, 1
0.8, -0.81, 1
0.7, -0.11, 0.3333333333, -1, -0.2366666667, 1
0.7, -0.21, 0.3333333333, -1, -0.5966666667, 1
0.6, -0.02, 0.25, -0.2766666667, 0.3333333333, -1, -0.9566666667, 1
0.6, -0.09, 0.25, -0.2766666667, 0.3333333333, -1, -1, -0.4066666667, 1
0.6, -0.14, 0.25, -0.2766666667, 0.3333333333, -1, -1, -0.7766666667, 1
0.6, -0.19, 0.25, -0.2766666667, 0.3333333333, -1, -1, -1, -0.2366666667, 1
0.5, -0.03, 0.2, -0.2566666667, 0.25, -0.4566666667, 0.3333333333, -1, -1, -1, -1, -0.6066666667, 1
1
0.8181818182, -0.05, 1
0.8181818182, -0.14, 1
0.8181818182, -0.27, 1
0.8181818182, -0.39, 1
0.8181818182, -0.5, 1
0.8181818182, -0.71, 1
0.7272727273, -0.05, 0.3333333333, -0.8466666667, 1
0.7272727273, -0.13, 0.3333333333, -1, -0.1066666667, 1
0.7272727273, -0.26, 0.3333333333, -1, -0.5466666667, 1
0.6363636364, -0.09, 0.25, -0.2766666667, 0.3333333333, -1, -0.9966666667, 1
0.6363636364, -0.18, 0.25, -0.2766666667, 0.3333333333, -1, -1, -0.4866666667, 1
0.6363636364, -0.25, 0.25, -0.2766666667, 0.3333333333, -1, -1, -0.9466666667, 1
0.5454545455, -0.05, 0.2, -0.2566666667, 0.25, -0.2766666667, 0.3333333333, -1, -1, -1, -0.5266666667, 1
0.5454545455, -0.1, 0.2, -0.2566666667, 0.25, -0.3466666667, 0.3333333333, -1, -1, -1, -1, -0.1266666667, 1
0.4545454545, -0.03, 0.1666666667, -0.2266666667, 0.2, -0.4666666667, 0.25, -0.6766666667, 0.3333333333, -1, -1, -1, -1, -1, -0.9266666667, 1
1
0.8333333333, -0.04, 1
0.8333333333, -0.09, 1
0.8333333333, -0.24, 1
0.8333333333, -0.38, 1
0.75, -0.02, 0.3333333333, -0.4866666667, 1
0.75, -0.03, 0.3333333333, -0.7066666667, 1
0.75, -0.1, 0.3333333333, -0.8466666667, 1
0.75, -0.19, 0.3333333333, -1, -0.1566666667, 1
0.75, -0.27, 0.3333333333, -1, -0.4166666667, 1
0.6666666667, -0.13, 0.25, -0.2766666667, 0.3333333333, -1, -0.8966666667, 1
0.6666666667, -0.24, 0.25, -0.2766666667, 0.3333333333, -1, -1, -0.4566666667, 1
0.5833333333, -0.07, 0.2, -0.2566666667, 0.25, -0.2766666667, 0.3333333333, -1, -1, -1, -0.0266666667, 1
0.5833333333, -0.15, 0.2, -0.2466666667, 0.25, -0.2766666667, 0.3333333333, -1, -1, -1, -0.7166666667, 1
0.5833333333, -0.21, 0.2, -0.2466666667, 0.25, -0.3766666667, 0.3333333333, -1, -1, -1, -1, -0.3266666667, 1
0.5, -0.03, 0.1666666667, -0.2266666667, 0.2, -0.2466666667, 0.25, -0.4666666667, 0.3333333333, -1, -1, -1, -1, -0.7966666667, 1
1
0.8461538462, -0.03, 1
0.8461538462, -0.08, 1
0.8461538462, -0.17, 1
0.7692307692, -0.02, 0.3333333333, -0.3166666667, 1
0.7692307692, -0.05, 0.3333333333, -0.4366666667, 1
0.7692307692, -0.06, 0.3333333333, -0.6566666667, 1
0.6923076923, -0.01, 0.25, -0.1066666667, 0.3333333333, -0.8366666667, 1
0.6923076923, -0.02, 0.25, -0.1966666667, 0.3333333333, -1, -0.1766666667, 1
0.6923076923, -0.04, 0.25, -0.2766666667, 0.3333333333, -1, -0.4566666667, 1
0.6923076923, -0.12, 0.25, -0.2766666667, 0.3333333333, -1, -0.6966666667, 1
0.6153846154, -0.01, 0.2, -0.2566666667, 0.25, -0.2766666667, 0.3333333333, -1, -1, -0.3466666667, 1
0.6153846154, -0.12, 0.2, -0.2566666667, 0.25, -0.2766666667, 0.3333333333, -1, -1, -0.9666666667, 1
0.6153846154, -0.22, 0.2, -0.2466666667, 0.25, -0.2766666667, 0.3333333333, -1, -1, -1, -0.7466666667, 1
0.5384615385, -0.06, 0.1666666667, -0.2266666667, 0.2, -0.2566666667, 0.25, -0.3766666667, 0.3333333333, -1, -1, -1, -1, -0.4366666667, 1
0.5384615385, -0.17, 0.1666666667, -0.2366666667, 0.2, -0.2666666667, 0.25, -0.5666666667, 0.3333333333, -1, -1, -1, -1, -1, -0.3366666667, 1
0.4615384615, -0.13, 0.1428571429, -0.2066666667, 0.1666666667, -0.4466666667, 0.2, -0.5666666667, 0.25, -0.9366666667, 0.3333333333, -1, -1, -1, -1, -1, -1, -0.5766666667, 1
1
0.8571428571, -0.05, 1
0.8571428571, -0.13, 1
0.7857142857, -0.03, 0.3333333333, -0.2366666667, 1
0.7857142857, -0.07, 0.3333333333, -0.3666666667, 1
0.7142857143, -0.02, 0.25, -0.0666666667, 0.3333333333, -0.5766666667, 1
0.7142857143, -0.04, 0.25, -0.0666666667, 0.3333333333, -0.8166666667, 1
0.7142857143, -0.05, 0.25, -0.1766666667, 0.3333333333, -1, -0.1366666667, 1
0.7142857143, -0.08, 0.25, -0.2666666667, 0.3333333333, -1, -0.4466666667, 1
0.6428571429, -0.01, 0.2, -0.1466666667, 0.25, -0.2866666667, 0.3333333333, -1, -0.7066666667, 1
0.6428571429, -0.02, 0.2, -0.2266666667, 0.25, -0.2766666667, 0.3333333333, -1, -1, -0.0866666667, 1
0.6428571429, -0.14, 0.2, -0.2466666667, 0.25, -0.2866666667, 0.3333333333, -1, -1, -0.7566666667, 1
0.5714285714, -0.02, 0.1666666667, -0.2366666667, 0.2, -0.2466666667, 0.25, -0.2866666667, 0.3333333333, -1, -1, -1, -0.6166666667, 1
0.5714285714, -0.12, 0.1666666667, -0.2266666667, 0.2, -0.2566666667, 0.25, -0.3766666667, 0.3333333333, -1, -1, -1, -1, -0.4266666667, 1
1
0.8666666667, -0.02, 1
0.8666666667, -0.08, 1
0.8, -0.02, 0.3333333333, -0.1466666667, 1
0.8, -0.07, 0.3333333333, -0.2866666667, 1
0.7333333333, -0.04, 0.25, -0.0666666667, 0.3333333333, -0.4466666667, 1
0.7333333333, -0.06, 0.25, -0.0666666667, 0.3333333333, -0.7366666667, 1
0.6666666667, -0.02, 0.2, -0.0566666667, 0.25, -0.1366666667, 0.3333333333, -1, -0.0566666667, 1
0.6666666667, -0.03, 0.2, -0.0766666667, 0.25, -0.2366666667, 0.3333333333, -1, -0.4166666667, 1
0.6666666667, -0.04, 0.2, -0.1366666667, 0.25, -0.2766666667, 0.3333333333, -1, -0.6966666667, 1
0.6666666667, -0.07, 0.2, -0.2066666667, 0.25, -0.2766666667, 0.3333333333, -1, -1, -0.1166666667, 1
0.6666666667, -0.11, 0.2, -0.2566666667, 0.25, -0.2766666667, 0.3333333333, -1, -1, -0.4766666667, 1
0.6, -0.03, 0.1666666667, -0.2366666667, 0.2, -0.2466666667, 0.25, -0.2766666667, 0.3333333333, -1, -1, -1, -0.2966666667, 1
0.6, -0.15, 0.1666666667, -0.2266666667, 0.2, -0.2566666667, 0.25, -0.3466666667, 0.3333333333, -1, -1, -1, -1, -0.2966666667, 1
0.5333333333, -0.03, 0.1428571429, -0.2166666667, 0.1666666667, -0.2266666667, 0.2, -0.2566666667, 0.25, -0.4666666667, 0.3333333333, -1, -1, -1, -1, -0.9566666667, 1
0.4666666667, -0.03, 0.125, -0.1966666667, 0.1428571429, -0.2166666667, 0.1666666667, -0.2266666667, 0.2, -0.4966666667, 0.25, -0.7466666667, 0.3333333333, -1, -1, -1, -1, -1, -1, -0.0766666667, 1
0.4, -0.02, 0.1111111111, -0.1866666667, 0.125, -0.1966666667, 0.1428571429, -0.4166666667, 0.1666666667, -0.4766666667, 0.2, -0.7866666667, 0.25, -1, -0.2066666667, 0.3333333333, -1, -1, -1, -1, -1, -1, -0.9366666667, 1
1
0.875, -0.04, 1
0.8125, -0.02, 0.3333333333, -0.0966666667, 1
0.75, -0.01, 0.25, -0.0366666667, 0.3333333333, -0.1866666667, 1
0.75, -0.04, 0.25, -0.0666666667, 0.3333333333, -0.3466666667, 1
0.6875, -0.02, 0.2, -0.0566666667, 0.25, -0.0666666667, 0.3333333333, -0.6166666667, 1
0.6875, -0.04, 0.2, -0.0566666667, 0.25, -0.0766666667, 0.3333333333, -0.8866666667, 1
0.6875, -0.06, 0.2, -0.0566666667, 0.25, -0.2066666667, 0.3333333333, -1, -0.3366666667, 1
0.625, -0.02, 0.1666666667, -0.0466666667, 0.2, -0.1066666667, 0.25, -0.2766666667, 0.3333333333, -1, -0.6566666667, 1
0.625, -0.02, 0.1666666667, -0.0766666667, 0.2, -0.1866666667, 0.25, -0.2766666667, 0.3333333333, -1, -1, -0.0666666667, 1
0.625, -0.03, 0.1666666667, -0.1066666667, 0.2, -0.2566666667, 0.25, -0.2766666667, 0.3333333333, -1, -1, -0.4766666667, 1
0.625, -0.06, 0.1666666667, -0.1666666667, 0.2, -0.2466666667, 0.25, -0.2866666667, 0.3333333333, -1, -1, -0.9066666667, 1
0.625, -0.15, 0.1666666667, -0.2266666667, 0.2, -0.2566666667, 0.25, -0.2866666667, 0.3333333333, -1, -1, -1, -0.9866666667, 1
0.5625, -0.06, 0.1428571429, -0.2066666667, 0.1666666667, -0.2366666667, 0.2, -0.2466666667, 0.25, -0.4366666667, 0.3333333333, -1, -1, -1, -1, -0.8166666667, 1
1
0.8823529412, -0.06, 1
0.8235294118, -0.03, 0.3333333333, -0.1266666667, 1
0.7647058824, -0.03, 0.25, -0.0566666667, 0.3333333333, -0.2366666667, 1
0.7058823529, -0.01, 0.2, -0.0666666667, 0.25, -0.0666666667, 0.3333333333, -0.4066666667, 1
0.7058823529, -0.05, 0.2, -0.0666666667, 0.25, -0.0666666667, 0.3333333333, -0.7666666667, 1
0.6470588235, -0.02, 0.1666666667, -0.0566666667, 0.2, -0.0566666667, 0.25, -0.1466666667, 0.3333333333, -1, -0.1966666667, 1
0.6470588235, -0.04, 0.1666666667, -0.0566666667, 0.2, -0.0866666667, 0.25, -0.2466666667, 0.3333333333, -1, -0.5766666667, 1
0.6470588235, -0.05, 0.1666666667, -0.0666666667, 0.2, -0.1566666667, 0.25, -0.2766666667, 0.3333333333, -1, -0.9666666667, 1
0.5882352941, -0.01, 0.1428571429, -0.0466666667, 0.1666666667, -0.1066666667, 0.2, -0.2266666667, 0.25, -0.2766666667, 0.3333333333, -1, -1, -0.4366666667, 1
0.5882352941, -0.02, 0.1428571429, -0.0666666667, 0.1666666667, -0.1566666667, 0.2, -0.2566666667, 0.25, -0.2766666667, 0.3333333333, -1, -1, -0.8866666667, 1
0.5882352941, -0.02, 0.1428571429, -0.1066666667, 0.1666666667, -0.2066666667, 0.2, -0.2566666667, 0.25, -0.2766666667, 0.3333333333, -1, -1, -1, -0.4366666667, 1
0.5882352941, -0.07, 0.1428571429, -0.1866666667, 0.1666666667, -0.2366666667, 0.2, -0.2466666667, 0.25, -0.3866666667, 0.3333333333, -1, -1, -1, -1, -0.5366666667, 1
0.5882352941, -0.17, 0.1428571429, -0.2166666667, 0.1666666667, -0.2266666667, 0.2, -0.2566666667, 0.25, -0.5266666667, 0.3333333333, -1, -1, -1, -1, -1, -0.2466666667, 1
0.5294117647, -0.08, 0.125, -0.1866666667, 0.1428571429, -0.2166666667, 0.1666666667, -0.2266666667, 0.2, -0.3666666667, 0.25, -0.6566666667, 0.3333333333, -1, -1, -1, -1, -1, -0.7366666667, 1
0.4705882353, -0.09, 0.1111111111, -0.1866666667, 0.125, -0.1966666667, 0.1428571429, -0.2166666667, 0.1666666667, -0.4166666667, 0.2, -0.5966666667, 0.25, -0.9366666667, 0.3333333333, -1, -1, -1, -1, -1, -1, -0.5866666667, 1
0.4117647059, -0.1, 0.1, -0.1766666667, 0.1111111111, -0.1866666667, 0.125, -0.3966666667, 0.1428571429, -0.4266666667, 0.1666666667, -0.6966666667, 0.2, -0.9666666667, 0.25, -1, -0.5566666667, 0.3333333333, -1, -1, -1, -1, -1, -1, -1, -0.0266666667, 1
1
0.8888888889, -0.08, 1
0.7777777778, -0.02, 0.25, -0.0266666667, 0.3333333333, -0.1366666667, 1
0.7222222222, -0.01, 0.2, -0.0466666667, 0.25, -0.0666666667, 0.3333333333, -0.2866666667, 1
0.7222222222, -0.05, 0.2, -0.0566666667, 0.25, -0.0666666667, 0.3333333333, -0.5666666667, 1
0.6666666667, -0.03, 0.1666666667, -0.0566666667, 0.2, -0.0566666667, 0.25, -0.0666666667, 0.3333333333, -0.9466666667, 1
0.6111111111, -0.01, 0.1428571429, -0.0466666667, 0.1666666667, -0.0566666667, 0.2, -0.0566666667, 0.25, -0.2166666667, 0.3333333333, -1, -0.4366666667, 1
0.6111111111, -0.02, 0.1428571429, -0.0566666667, 0.1666666667, -0.0466666667, 0.2, -0.1266666667, 0.25, -0.2766666667, 0.3333333333, -1, -0.7766666667, 1
0.6111111111, -0.04, 0.1428571429, -0.0466666667, 0.1666666667, -0.0966666667, 0.2, -0.1966666667, 0.25, -0.2766666667, 0.3333333333, -1, -1, -0.3466666667, 1
0.6111111111, -0.04, 0.1428571429, -0.0766666667, 0.1666666667, -0.1266666667, 0.2, -0.2466666667, 0.25, -0.2866666667, 0.3333333333, -1, -1, -0.7666666667, 1
0.6111111111, -0.05, 0.1428571429, -0.1066666667, 0.1666666667, -0.1866666667, 0.2, -0.2566666667, 0.25, -0.2766666667, 0.3333333333, -1, -1, -1, -0.3566666667, 1
0.5555555556, -0.01, 0.125, -0.0766666667, 0.1428571429, -0.1266666667, 0.1666666667, -0.2266666667, 0.2, -0.2466666667, 0.25, -0.3066666667, 0.3333333333, -1, -1, -1, -1, -0.0566666667, 1
0.5555555556, -0.04, 0.125, -0.1166666667, 0.1428571429, -0.2066666667, 0.1666666667, -0.2366666667, 0.2, -0.2466666667, 0.25, -0.4766666667, 0.3333333333, -1, -1, -1, -1, -0.9866666667, 1
1
0.8421052632, -0.02, 0.3333333333, -0.0766666667, 1
0.7368421053, -0.01, 0.2, -0.0266666667, 0.25, -0.0266666667, 0.3333333333, -0.1566666667, 1
0.6842105263, -0.01, 0.1666666667, -0.0166666667, 0.2, -0.0566666667, 0.25, -0.0666666667, 0.3333333333, -0.3366666667, 1
0.6842105263, -0.02, 0.1666666667, -0.0566666667, 0.2, -0.0666666667, 0.25, -0.0666666667, 0.3333333333, -0.7166666667, 1
0.6315789474, -0.01, 0.1428571429, -0.0566666667, 0.1666666667, -0.0466666667, 0.2, -0.0666666667, 0.25, -0.1266666667, 0.3333333333, -1, -0.2166666667, 1
0.6315789474, -0.04, 0.1428571429, -0.0466666667, 0.1666666667, -0.0566666667, 0.2, -0.0766666667, 0.25, -0.2566666667, 0.3333333333, -1, -0.6466666667, 1
0.5789473684, -0.01, 0.125, -0.0466666667, 0.1428571429, -0.0466666667, 0.1666666667, -0.0766666667, 0.2, -0.1666666667, 0.25, -0.2766666667, 0.3333333333, -1, -1, -0.1666666667, 1
0.5789473684, -0.02, 0.125, -0.0466666667, 0.1428571429, -0.0566666667, 0.1666666667, -0.1166666667, 0.2, -0.2366666667, 0.25, -0.2866666667, 0.3333333333, -1, -1, -0.6366666667, 1
0.5789473684, -0.03, 0.125, -0.0466666667, 0.1428571429, -0.0966666667, 0.1666666667, -0.1666666667, 0.2, -0.2566666667, 0.25, -0.2766666667, 0.3333333333, -1, -1, -1, -0.2366666667, 1
0.5789473684, -0.04, 0.125, -0.0766666667, 0.1428571429, -0.0966666667, 0.1666666667, -0.2366666667, 0.2, -0.2466666667, 0.25, -0.2966666667, 0.3333333333, -1, -1, -1, -0.9666666667, 1
0.5789473684, -0.05, 0.125, -0.0966666667, 0.1428571429, -0.1566666667, 0.1666666667, -0.2366666667, 0.2, -0.2466666667, 0.25, -0.3966666667, 0.3333333333, -1, -1, -1, -1, -0.5366666667, 1
0.5263157895, -0.11, 0.1111111111, -0.1866666667, 0.125, -0.1966666667, 0.1428571429, -0.2066666667, 0.1666666667, -0.2766666667, 0.2, -0.5066666667, 0.25, -0.8266666667, 0.3333333333, -1, -1, -1, -1, -1, -1, -0.2566666667, 1
0.4736842105, -0.15, 0.1, -0.1666666667, 0.1111111111, -0.1866666667, 0.125, -0.1966666667, 0.1428571429, -0.3666666667, 0.1666666667, -0.4566666667, 0.2, -0.7866666667, 0.25, -1, -0.1266666667, 0.3333333333, -1, -1, -1, -1, -1, -1, -0.9066666667, 1
1
0.85, -0.03, 0.3333333333, -0.0766666667, 1
0.75, -0.02, 0.2, -0.0266666667, 0.25, -0.0466666667, 0.3333333333, -0.1866666667, 1
0.7, -0.02, 0.1666666667, -0.0366666667, 0.2, -0.0566666667, 0.25, -0.0666666667, 0.3333333333, -0.4266666667, 1
0.65, -0.01, 0.1428571429, -0.0466666667, 0.1666666667, -0.0566666667, 0.2, -0.0566666667, 0.25, -0.0666666667, 0.3333333333, -0.8466666667, 1
0.65, -0.04, 0.1428571429, -0.0566666667, 0.1666666667, -0.0466666667, 0.2, -0.0666666667, 0.25, -0.1866666667, 0.3333333333, -1, -0.4466666667, 1
0.6, -0.02, 0.125, -0.0466666667, 0.1428571429, -0.0466666667, 0.1666666667, -0.0566666667, 0.2, -0.1266666667, 0.25, -0.2766666667, 0.3333333333, -1, -0.8766666667, 1
0.6, -0.04, 0.125, -0.0466666667, 0.1428571429, -0.0466666667, 0.1666666667, -0.1066666667, 0.2, -0.2066666667, 0.25, -0.2766666667, 0.3333333333, -1, -1, -0.4866666667, 1
0.55, -0.01, 0.1111111111, -0.0366666667, 0.125, -0.0466666667, 0.1428571429, -0.0966666667, 0.1666666667, -0.1366666667, 0.2, -0.2466666667, 0.25, -0.2766666667, 0.3333333333, -1, -1, -1, -0.0566666667, 1
0.55, -0.02, 0.1111111111, -0.0366666667, 0.125, -0.0766666667, 0.1428571429, -0.0966666667, 0.1666666667, -0.2066666667, 0.2, -0.2566666667, 0.25, -0.2766666667, 0.3333333333, -1, -1, -1, -0.8166666667, 1
1
0.9047619048, -0.02, 1
0.8095238095, -0.02, 0.25, -0.0266666667, 0.3333333333, -0.0866666667, 1
0.7142857143, -0.01, 0.1666666667, -0.0266666667, 0.2, -0.0266666667, 0.25, -0.0566666667, 0.3333333333, -0.2366666667, 1
0.6666666667, -0.01, 0.1428571429, -0.0266666667, 0.1666666667, -0.0466666667, 0.2, -0.0566666667, 0.25, -0.0666666667, 0.3333333333, -0.5666666667, 1
0.6666666667, -0.03, 0.1428571429, -0.0566666667, 0.1666666667, -0.0466666667, 0.2, -0.0666666667, 0.25, -0.0766666667, 0.3333333333, -1, -0.0966666667, 1
0.619047619, -0.02, 0.125, -0.0466666667, 0.1428571429, -0.0566666667, 0.1666666667, -0.0566666667, 0.2, -0.0566666667, 0.25, -0.2566666667, 0.3333333333, -1, -0.6266666667, 1
0.5714285714, -0.01, 0.1111111111, -0.0366666667, 0.125, -0.0466666667, 0.1428571429, -0.0566666667, 0.1666666667, -0.0666666667, 0.2, -0.1766666667, 0.25, -0.2766666667, 0.3333333333, -1, -1, -0.2266666667, 1
0.5714285714, -0.02, 0.1111111111, -0.0466666667, 0.125, -0.0466666667, 0.1428571429, -0.0666666667, 0.1666666667, -0.1066666667, 0.2, -0.2566666667, 0.25, -0.2766666667, 0.3333333333, -1, -1, -0.7766666667, 1
0.5714285714, -0.04, 0.1111111111, -0.0366666667, 0.125, -0.0566666667, 0.1428571429, -0.1066666667, 0.1666666667, -0.1766666667, 0.2, -0.2566666667, 0.25, -0.2766666667, 0.3333333333, -1, -1, -1, -0.5466666667, 1
0.5238095238, -0.01, 0.1, -0.0366666667, 0.1111111111, -0.0466666667, 0.125, -0.0966666667, 0.1428571429, -0.1166666667, 0.1666666667, -0.2266666667, 0.2, -0.2566666667, 0.25, -0.3566666667, 0.3333333333, -1, -1, -1, -1, -0.3166666667, 1
1
0.9090909091, -0.03, 1
0.8181818182, -0.03, 0.25, -0.0366666667, 0.3333333333, -0.0966666667, 1
0.7272727273, -0.03, 0.1666666667, -0.0166666667, 0.2, -0.0366666667, 0.25, -0.0666666667, 0.3333333333, -0.2766666667, 1
0.6818181818, -0.02, 0.1428571429, -0.0366666667, 0.1666666667, -0.0566666667, 0.2, -0.0566666667, 0.25, -0.0666666667, 0.3333333333, -0.6966666667, 1
0.6363636364, -0.01, 0.125, -0.0466666667, 0.1428571429, -0.0566666667, 0.1666666667, -0.0566666667, 0.2, -0.0566666667, 0.25, -0.1366666667, 0.3333333333, -1, -0.3266666667, 1
0.5909090909, -0.01, 0.1111111111, -0.0366666667, 0.125, -0.0466666667, 0.1428571429, -0.0566666667, 0.1666666667, -0.0566666667, 0.2, -0.0966666667, 0.25, -0.2766666667, 0.3333333333, -1, -0.8266666667, 1
0.5909090909, -0.03, 0.1111111111, -0.0466666667, 0.125, -0.0466666667, 0.1428571429, -0.0466666667, 0.1666666667, -0.0966666667, 0.2, -0.2166666667, 0.25, -0.2766666667, 0.3333333333, -1, -1, -0.5066666667, 1
0.5454545455, -0.01, 0.1, -0.0366666667, 0.1111111111, -0.0466666667, 0.125, -0.0466666667, 0.1428571429, -0.0866666667, 0.1666666667, -0.1466666667, 0.2, -0.2566666667, 0.25, -0.2766666667, 0.3333333333, -1, -1, -1, -0.1866666667, 1
0.92, -0.04, 1
0.92, -0.07, 1
0.76, -0.02, 0.1666666667, -0.0166666667, 0.2, -0.0366666667, 0.25, -0.0266666667, 0.3333333333, -0.1466666667, 1
0.68, -0.02, 0.125, -0.0166666667, 0.1428571429, -0.0266666667, 0.1666666667, -0.0366666667, 0.2, -0.0566666667, 0.25, -0.0666666667, 0.3333333333, -0.5266666667, 1
0.64, -0.02, 0.1111111111, -0.0166666667, 0.125, -0.0366666667, 0.1428571429, -0.0566666667, 0.1666666667, -0.0566666667, 0.2, -0.0566666667, 0.25, -0.1066666667, 0.3333333333, -1, -0.2466666667, 1
0.6, -0.01, 0.1, -0.0366666667, 0.1111111111, -0.0366666667, 0.125, -0.0466666667, 0.1428571429, -0.0566666667, 0.1666666667, -0.0566666667, 0.2, -0.0966666667, 0.25, -0.2766666667, 0.3333333333, -1, -0.8866666667, 1
0.56, -0.01, 0.0909090909, -0.0366666667, 0.1, -0.0366666667, 0.1111111111, -0.0366666667, 0.125, -0.0466666667, 0.1428571429, -0.0566666667, 0.1666666667, -0.0866666667, 0.2, -0.2466666667, 0.25, -0.2766666667, 0.3333333333, -1, -1, -0.6666666667, 1
0.56, -0.03, 0.0909090909, -0.0366666667, 0.1, -0.0366666667, 0.1111111111, -0.0466666667, 0.125, -0.0466666667, 0.1428571429, -0.0966666667, 0.1666666667, -0.1866666667, 0.2, -0.2566666667, 0.25, -0.2766666667, 0.3333333333, -1, -1, -1, -0.6266666667, 1
0.9, -0.03, 0.3333333333, -0.0666666667, 1
0.8666666667, -0.03, 0.25, -0.0266666667, 0.3333333333, -0.0766666667, 1
0.7333333333, -0.02, 0.125, -0.0266666667, 0.1428571429, -0.0166666667, 0.1666666667, -0.0266666667, 0.2, -0.0366666667, 0.25, -0.0666666667, 0.3333333333, -0.3466666667, 1
0.6333333333, -0.01, 0.0909090909, -0.0166666667, 0.1, -0.0166666667, 0.1111111111, -0.0266666667, 0.125, -0.0266666667, 0.1428571429, -0.0466666667, 0.1666666667, -0.0566666667, 0.2, -0.0666666667, 0.25, -0.1066666667, 0.3333333333, -1, -0.2466666667, 1
0.6, -0.02, 0.0833333333, -0.0166666667, 0.0909090909, -0.0166666667, 0.1, -0.0366666667, 0.1111111111, -0.0466666667, 0.125, -0.0466666667, 0.1428571429, -0.0466666667, 0.1666666667, -0.0566666667, 0.2, -0.1566666667, 0.25, -0.2766666667, 0.3333333333, -1, -1, -0.1866666667, 1
0.5666666667, -0.01, 0.0769230769, -0.0266666667, 0.0833333333, -0.0366666667, 0.0909090909, -0.0366666667, 0.1, -0.0366666667, 0.1111111111, -0.0466666667, 0.125, -0.0466666667, 0.1428571429, -0.0466666667, 0.1666666667, -0.1766666667, 0.2, -0.2566666667, 0.25, -0.2766666667, 0.3333333333, -1, -1, -1, -0.2366666667, 1
