30 371 1:00 Air 0 1:00 0 J
1.0, 1.0, 0.0,
0.000, 0.00,
0.400, 30.00,
371.000, 30.00,
372.000, 0.00,
-9999.0,
30 380 0:20 Air 5 6:00 0.5 Z
1.0, 1.0, 0.0,
0.000, 0.00,
0.400, 30.00,
380.000, 30.00,
380.333, 20.00,
385.333, 20.00,
386.000, 0.00,
-9999.0,
30 420 0:20 Air 22 23:00 0.5 Z
1.0, 1.0, 0.0,
0.000, 0.00,
0.400, 30.00,
420.000, 30.00,
420.333, 20.00,
442.333, 20.00,
443.000, 0.00,
-9999.0,
30 480 0:20 Air 42 43:00 0.5
1.0, 1.0, 0.0,
0.000, 0.00,
0.400, 30.00,
480.000, 30.00,
480.333, 20.00,
522.333, 20.00,
523.000, 0.00,
-9999.0,
30 540 0:20 Air 71 72:00 1
1.0, 1.0, 0.0,
0.000, 0.00,
0.400, 30.00,
540.000, 30.00,
540.333, 20.00,
611.333, 20.00,
612.000, 0.00,
-9999.0,
30 600 0:20 Air 92 93:00 1
1.0, 1.0, 0.0,
0.000, 0.00,
0.400, 30.00,
600.000, 30.00,
600.333, 20.00,
692.333, 20.00,
693.000, 0.00,
-9999.0,
30 660 0:20 Air 120 121:00 1
1.0, 1.0, 0.0,
0.000, 0.00,
0.400, 30.00,
660.000, 30.00,
660.333, 20.00,
780.333, 20.00,
781.000, 0.00,
-9999.0,
30 720 0:20 Air 158 159:00 1
1.0, 1.0, 0.0,
0.000, 0.00,
0.400, 30.00,
720.000, 30.00,
720.333, 20.00,
878.333, 20.00,
879.000, 0.00,
-9999.0,
35 232 1:10 Air 0 1:10 0 Z
1.0, 1.0, 0.0,
0.000, 0.00,
0.467, 35.00,
232.000, 35.00,
233.167, 0.00,
-9999.0,
35 240 0:30 Air 4 5:10 0.5 Z
1.0, 1.0, 0.0,
0.000, 0.00,
0.467, 35.00,
240.000, 35.00,
240.500, 20.00,
244.500, 20.00,
245.167, 0.00,
-9999.0,
35 270 0:30 Air 28 29:10 0.5 Z
1.0, 1.0, 0.0,
0.000, 0.00,
0.467, 35.00,
270.000, 35.00,
270.500, 20.00,
298.500, 20.00,
299.167, 0.00,
-9999.0,
35 300 0:30 Air 53 54:10 0.5 Z
1.0, 1.0, 0.0,
0.000, 0.00,
0.467, 35.00,
300.000, 35.00,
300.500, 20.00,
353.500, 20.00,
354.167, 0.00,
-9999.0,
35 330 0:30 Air 71 72:10 1 Z
1.0, 1.0, 0.0,
0.000, 0.00,
0.467, 35.00,
330.000, 35.00,
330.500, 20.00,
401.500, 20.00,
402.167, 0.00,
-9999.0,
35 360 0:30 Air 88 89:10 1
1.0, 1.0, 0.0,
0.000, 0.00,
0.467, 35.00,
360.000, 35.00,
360.500, 20.00,
448.500, 20.00,
449.167, 0.00,
-9999.0,
35 420 0:30 Air 134 135:10 1.5
1.0, 1.0, 0.0,
0.000, 0.00,
0.467, 35.00,
420.000, 35.00,
420.500, 20.00,
554.500, 20.00,
555.167, 0.00,
-9999.0,
35 480 0:30 Air 173 174:10 1.5
1.0, 1.0, 0.0,
0.000, 0.00,
0.467, 35.00,
480.000, 35.00,
480.500, 20.00,
653.500, 20.00,
654.167, 0.00,
-9999.0,
35 540 0:30 Air 228 229:10 2
1.0, 1.0, 0.0,
0.000, 0.00,
0.467, 35.00,
540.000, 35.00,
540.500, 20.00,
768.500, 20.00,
769.167, 0.00,
-9999.0,
35 600 0:30 Air 277 278:10 2
1.0, 1.0, 0.0,
0.000, 0.00,
0.467, 35.00,
600.000, 35.00,
600.500, 20.00,
877.500, 20.00,
878.167, 0.00,
-9999.0,
35 660 0:30 Air 314 315:10 2.5
1.0, 1.0, 0.0,
0.000, 0.00,
0.467, 35.00,
660.000, 35.00,
660.500, 20.00,
974.500, 20.00,
975.167, 0.00,
-9999.0,
35 720 0:30 Air 342 343:10 3
1.0, 1.0, 0.0,
0.000, 0.00,
0.467, 35.00,
720.000, 35.00,
720.500, 20.00,
1062.500, 20.00,
1063.167, 0.00,
-9999.0,
40 163 1:20 Air 0 1:20 0 O
1.0, 1.0, 0.0,
0.000, 0.00,
0.533, 40.00,
163.000, 40.00,
164.333, 0.00,
-9999.0,
40 170 0:40 Air 6 7:20 0.5 O
1.0, 1.0, 0.0,
0.000, 0.00,
0.533, 40.00,
170.000, 40.00,
170.667, 20.00,
176.667, 20.00,
177.333, 0.00,
-9999.0,
40 180 0:40 Air 14 15:20 0.5 Z
1.0, 1.0, 0.0,
0.000, 0.00,
0.533, 40.00,
180.000, 40.00,
180.667, 20.00,
194.667, 20.00,
195.333, 0.00,
-9999.0,
40 190 0:40 Air 21 22:20 0.5 Z
1.0, 1.0, 0.0,
0.000, 0.00,
0.533, 40.00,
190.000, 40.00,
190.667, 20.00,
211.667, 20.00,
212.333, 0.00,
-9999.0,
40 200 0:40 Air 27 28:20 0.5 Z
1.0, 1.0, 0.0,
0.000, 0.00,
0.533, 40.00,
200.000, 40.00,
200.667, 20.00,
227.667, 20.00,
228.333, 0.00,
-9999.0,
40 210 0:40 Air 39 40:20 0.5 Z
1.0, 1.0, 0.0,
0.000, 0.00,
0.533, 40.00,
210.000, 40.00,
210.667, 20.00,
249.667, 20.00,
250.333, 0.00,
-9999.0,
40 220 0:40 Air 52 53:20 0.5 Z
1.0, 1.0, 0.0,
0.000, 0.00,
0.533, 40.00,
220.000, 40.00,
220.667, 20.00,
272.667, 20.00,
273.333, 0.00,
-9999.0,
40 230 0:40 Air 64 65:20 1 Z
1.0, 1.0, 0.0,
0.000, 0.00,
0.533, 40.00,
230.000, 40.00,
230.667, 20.00,
294.667, 20.00,
295.333, 0.00,
-9999.0,
40 240 0:40 Air 75 76:20 1 Z
1.0, 1.0, 0.0,
0.000, 0.00,
0.533, 40.00,
240.000, 40.00,
240.667, 20.00,
315.667, 20.00,
316.333, 0.00,
-9999.0,
40 270 0:40 Air 101 102:20 1 Z
1.0, 1.0, 0.0,
0.000, 0.00,
0.533, 40.00,
270.000, 40.00,
270.667, 20.00,
371.667, 20.00,
372.333, 0.00,
-9999.0,
40 300 0:40 Air 128 129:20 1.5
1.0, 1.0, 0.0,
0.000, 0.00,
0.533, 40.00,
300.000, 40.00,
300.667, 20.00,
428.667, 20.00,
429.333, 0.00,
-9999.0,
40 330 0:40 Air 160 161:20 1.5
1.0, 1.0, 0.0,
0.000, 0.00,
0.533, 40.00,
330.000, 40.00,
330.667, 20.00,
490.667, 20.00,
491.333, 0.00,
-9999.0,
40 360 0:40 Air 184 185:20 2
1.0, 1.0, 0.0,
0.000, 0.00,
0.533, 40.00,
360.000, 40.00,
360.667, 20.00,
544.667, 20.00,
545.333, 0.00,
-9999.0,
40 420 0:40 Air 248 249:20 2.5
1.0, 1.0, 0.0,
0.000, 0.00,
0.533, 40.00,
420.000, 40.00,
420.667, 20.00,
668.667, 20.00,
669.333, 0.00,
-9999.0,
40 480 0:40 Air 321 322:20 2.5
1.0, 1.0, 0.0,
0.000, 0.00,
0.533, 40.00,
480.000, 40.00,
480.667, 20.00,
801.667, 20.00,
802.333, 0.00,
-9999.0,
40 540 0:40 Air 372 373:20 3
1.0, 1.0, 0.0,
0.000, 0.00,
0.533, 40.00,
540.000, 40.00,
540.667, 20.00,
912.667, 20.00,
913.333, 0.00,
-9999.0,
40 600 0:40 Air 410 411:20 3.5
1.0, 1.0, 0.0,
0.000, 0.00,
0.533, 40.00,
600.000, 40.00,
600.667, 20.00,
1010.667, 20.00,
1011.333, 0.00,
-9999.0,
40 660 0:40 Air 439 440:20 4
1.0, 1.0, 0.0,
0.000, 0.00,
0.533, 40.00,
660.000, 40.00,
660.667, 20.00,
1099.667, 20.00,
1100.333, 0.00,
-9999.0,
40 720 0:40 Air 461 462:20 4.5
1.0, 1.0, 0.0,
0.000, 0.00,
0.533, 40.00,
720.000, 40.00,
720.667, 20.00,
1181.667, 20.00,
1182.333, 0.00,
-9999.0,
45 125 1:30 Air 0 1:30 0 N
1.0, 1.0, 0.0,
0.000, 0.00,
0.600, 45.00,
125.000, 45.00,
126.500, 0.00,
-9999.0,
45 130 0:50 Air 2 3:30 0.5 O
1.0, 1.0, 0.0,
0.000, 0.00,
0.600, 45.00,
130.000, 45.00,
130.833, 20.00,
132.833, 20.00,
133.500, 0.00,
-9999.0,
45 140 0:50 Air 14 15:30 0.5 O
1.0, 1.0, 0.0,
0.000, 0.00,
0.600, 45.00,
140.000, 45.00,
140.833, 20.00,
154.833, 20.00,
155.500, 0.00,
-9999.0,
45 150 0:50 Air 25 26:30 0.5 Z
1.0, 1.0, 0.0,
0.000, 0.00,
0.600, 45.00,
150.000, 45.00,
150.833, 20.00,
175.833, 20.00,
176.500, 0.00,
-9999.0,
45 160 0:50 Air 34 35:30 0.5 Z
1.0, 1.0, 0.0,
0.000, 0.00,
0.600, 45.00,
160.000, 45.00,
160.833, 20.00,
194.833, 20.00,
195.500, 0.00,
-9999.0,
45 170 0:50 Air 41 42:30 1 Z
1.0, 1.0, 0.0,
0.000, 0.00,
0.600, 45.00,
170.000, 45.00,
170.833, 20.00,
211.833, 20.00,
212.500, 0.00,
-9999.0,
45 180 0:50 Air 59 60:30 1 Z
1.0, 1.0, 0.0,
0.000, 0.00,
0.600, 45.00,
180.000, 45.00,
180.833, 20.00,
239.833, 20.00,
240.500, 0.00,
-9999.0,
45 190 0:50 Air 75 76:30 1 Z
1.0, 1.0, 0.0,
0.000, 0.00,
0.600, 45.00,
190.000, 45.00,
190.833, 20.00,
265.833, 20.00,
266.500, 0.00,
-9999.0,
45 200 0:50 Air 89 90:30 1 Z
1.0, 1.0, 0.0,
0.000, 0.00,
0.600, 45.00,
200.000, 45.00,
200.833, 20.00,
289.833, 20.00,
290.500, 0.00,
-9999.0,
45 210 0:50 Air 101 102:30 1 Z
1.0, 1.0, 0.0,
0.000, 0.00,
0.600, 45.00,
210.000, 45.00,
210.833, 20.00,
311.833, 20.00,
312.500, 0.00,
-9999.0,
45 220 0:50 Air 112 113:30 1.5 Z
1.0, 1.0, 0.0,
0.000, 0.00,
0.600, 45.00,
220.000, 45.00,
220.833, 20.00,
332.833, 20.00,
333.500, 0.00,
-9999.0,
45 230 0:50 Air 121 122:30 1.5 Z
1.0, 1.0, 0.0,
0.000, 0.00,
0.600, 45.00,
230.000, 45.00,
230.833, 20.00,
351.833, 20.00,
352.500, 0.00,
-9999.0,
45 240 0:50 Air 130 131:30 1.5 Z
1.0, 1.0, 0.0,
0.000, 0.00,
0.600, 45.00,
240.000, 45.00,
240.833, 20.00,
370.833, 20.00,
371.500, 0.00,
-9999.0,
45 270 0:50 Air 173 174:30 2
1.0, 1.0, 0.0,
0.000, 0.00,
0.600, 45.00,
270.000, 45.00,
270.833, 20.00,
443.833, 20.00,
444.500, 0.00,
-9999.0,
45 300 0:50 Air 206 207:30 2
1.0, 1.0, 0.0,
0.000, 0.00,
0.600, 45.00,
300.000, 45.00,
300.833, 20.00,
506.833, 20.00,
507.500, 0.00,
-9999.0,
45 330 0:50 Air 243 244:30 2.5
1.0, 1.0, 0.0,
0.000, 0.00,
0.600, 45.00,
330.000, 45.00,
330.833, 20.00,
573.833, 20.00,
574.500, 0.00,
-9999.0,
45 360 0:50 Air 288 289:30 3
1.0, 1.0, 0.0,
0.000, 0.00,
0.600, 45.00,
360.000, 45.00,
360.833, 20.00,
648.833, 20.00,
649.500, 0.00,
-9999.0,
45 420 0:50 Air 373 374:30 3.5
1.0, 1.0, 0.0,
0.000, 0.00,
0.600, 45.00,
420.000, 45.00,
420.833, 20.00,
793.833, 20.00,
794.500, 0.00,
-9999.0,
45 480 0:50 Air 431 432:30 4
1.0, 1.0, 0.0,
0.000, 0.00,
0.600, 45.00,
480.000, 45.00,
480.833, 20.00,
911.833, 20.00,
912.500, 0.00,
-9999.0,
45 540 0:50 Air 473 474:30 4.5
1.0, 1.0, 0.0,
0.000, 0.00,
0.600, 45.00,
540.000, 45.00,
540.833, 20.00,
1013.833, 20.00,
1014.500, 0.00,
-9999.0,
50 92 1:40 Air 0 1:40 0 M
1.0, 1.0, 0.0,
0.000, 0.00,
0.667, 50.00,
92.000, 50.00,
93.667, 0.00,
-9999.0,
50 95 1:00 Air 2 3:40 0.5 M
1.0, 1.0, 0.0,
0.000, 0.00,
0.667, 50.00,
95.000, 50.00,
96.000, 20.00,
98.000, 20.00,
98.667, 0.00,
-9999.0,
50 100 1:00 Air 4 5:40 0.5 N
1.0, 1.0, 0.0,
0.000, 0.00,
0.667, 50.00,
100.000, 50.00,
101.000, 20.00,
105.000, 20.00,
105.667, 0.00,
-9999.0,
50 110 1:00 Air 8 9:40 0.5 O
1.0, 1.0, 0.0,
0.000, 0.00,
0.667, 50.00,
110.000, 50.00,
111.000, 20.00,
119.000, 20.00,
119.667, 0.00,
-9999.0,
50 120 1:00 Air 21 22:40 0.5 O
1.0, 1.0, 0.0,
0.000, 0.00,
0.667, 50.00,
120.000, 50.00,
121.000, 20.00,
142.000, 20.00,
142.667, 0.00,
-9999.0,
50 130 1:00 Air 34 35:40 0.5 Z
1.0, 1.0, 0.0,
0.000, 0.00,
0.667, 50.00,
130.000, 50.00,
131.000, 20.00,
165.000, 20.00,
165.667, 0.00,
-9999.0,
50 140 1:00 Air 45 46:40 1 Z
1.0, 1.0, 0.0,
0.000, 0.00,
0.667, 50.00,
140.000, 50.00,
141.000, 20.00,
186.000, 20.00,
186.667, 0.00,
-9999.0,
50 150 1:00 Air 56 57:40 1 Z
1.0, 1.0, 0.0,
0.000, 0.00,
0.667, 50.00,
150.000, 50.00,
151.000, 20.00,
207.000, 20.00,
207.667, 0.00,
-9999.0,
50 160 1:00 Air 78 79:40 1 Z
1.0, 1.0, 0.0,
0.000, 0.00,
0.667, 50.00,
160.000, 50.00,
161.000, 20.00,
239.000, 20.00,
239.667, 0.00,
-9999.0,
50 170 1:00 Air 96 97:40 1 Z
1.0, 1.0, 0.0,
0.000, 0.00,
0.667, 50.00,
170.000, 50.00,
171.000, 20.00,
267.000, 20.00,
267.667, 0.00,
-9999.0,
50 180 1:00 Air 111 112:40 1.5 Z
1.0, 1.0, 0.0,
0.000, 0.00,
0.667, 50.00,
180.000, 50.00,
181.000, 20.00,
292.000, 20.00,
292.667, 0.00,
-9999.0,
50 190 1:00 Air 125 126:40 1.5 Z
1.0, 1.0, 0.0,
0.000, 0.00,
0.667, 50.00,
190.000, 50.00,
191.000, 20.00,
316.000, 20.00,
316.667, 0.00,
-9999.0,
50 200 1:00 Air 136 137:40 1.5 Z
1.0, 1.0, 0.0,
0.000, 0.00,
0.667, 50.00,
200.000, 50.00,
201.000, 20.00,
337.000, 20.00,
337.667, 0.00,
-9999.0,
50 210 1:00 Air 147 148:40 2
1.0, 1.0, 0.0,
0.000, 0.00,
0.667, 50.00,
210.000, 50.00,
211.000, 20.00,
358.000, 20.00,
358.667, 0.00,
-9999.0,
50 220 1:00 Air 166 167:40 2
1.0, 1.0, 0.0,
0.000, 0.00,
0.667, 50.00,
220.000, 50.00,
221.000, 20.00,
387.000, 20.00,
387.667, 0.00,
-9999.0,
50 230 1:00 Air 183 184:40 2
1.0, 1.0, 0.0,
0.000, 0.00,
0.667, 50.00,
230.000, 50.00,
231.000, 20.00,
414.000, 20.00,
414.667, 0.00,
-9999.0,
50 240 1:00 Air 198 199:40 2
1.0, 1.0, 0.0,
0.000, 0.00,
0.667, 50.00,
240.000, 50.00,
241.000, 20.00,
439.000, 20.00,
439.667, 0.00,
-9999.0,
50 270 1:00 Air 236 237:40 2.5
1.0, 1.0, 0.0,
0.000, 0.00,
0.667, 50.00,
270.000, 50.00,
271.000, 20.00,
507.000, 20.00,
507.667, 0.00,
-9999.0,
50 300 1:00 Air 285 286:40 3
1.0, 1.0, 0.0,
0.000, 0.00,
0.667, 50.00,
300.000, 50.00,
301.000, 20.00,
586.000, 20.00,
586.667, 0.00,
-9999.0,
50 330 1:00 Air 345 346:40 3.5
1.0, 1.0, 0.0,
0.000, 0.00,
0.667, 50.00,
330.000, 50.00,
331.000, 20.00,
676.000, 20.00,
676.667, 0.00,
-9999.0,
50 360 1:00 Air 393 394:40 3.5
1.0, 1.0, 0.0,
0.000, 0.00,
0.667, 50.00,
360.000, 50.00,
361.000, 20.00,
754.000, 20.00,
754.667, 0.00,
-9999.0,
50 420 1:00 Air 464 465:40 4.5
1.0, 1.0, 0.0,
0.000, 0.00,
0.667, 50.00,
420.000, 50.00,
421.000, 20.00,
885.000, 20.00,
885.667, 0.00,
-9999.0,
55 74 1:50 Air 0 1:50 0 L
1.0, 1.0, 0.0,
0.000, 0.00,
0.733, 55.00,
74.000, 55.00,
75.833, 0.00,
-9999.0,
55 75 1:10 Air 1 2:50 0.5 L
1.0, 1.0, 0.0,
0.000, 0.00,
0.733, 55.00,
75.000, 55.00,
76.167, 20.00,
77.167, 20.00,
77.833, 0.00,
-9999.0,
55 80 1:10 Air 4 5:50 0.5 M
1.0, 1.0, 0.0,
0.000, 0.00,
0.733, 55.00,
80.000, 55.00,
81.167, 20.00,
85.167, 20.00,
85.833, 0.00,
-9999.0,
55 90 1:10 Air 10 11:50 0.5 N
1.0, 1.0, 0.0,
0.000, 0.00,
0.733, 55.00,
90.000, 55.00,
91.167, 20.00,
101.167, 20.00,
101.833, 0.00,
-9999.0,
55 100 1:10 Air 17 18:50 0.5 O
1.0, 1.0, 0.0,
0.000, 0.00,
0.733, 55.00,
100.000, 55.00,
101.167, 20.00,
118.167, 20.00,
118.833, 0.00,
-9999.0,
55 110 1:10 Air 34 35:50 0.5 O
1.0, 1.0, 0.0,
0.000, 0.00,
0.733, 55.00,
110.000, 55.00,
111.167, 20.00,
145.167, 20.00,
145.833, 0.00,
-9999.0,
55 120 1:10 Air 48 49:50 1 Z
1.0, 1.0, 0.0,
0.000, 0.00,
0.733, 55.00,
120.000, 55.00,
121.167, 20.00,
169.167, 20.00,
169.833, 0.00,
-9999.0,
55 130 1:10 Air 59 60:50 1 Z
1.0, 1.0, 0.0,
0.000, 0.00,
0.733, 55.00,
130.000, 55.00,
131.167, 20.00,
190.167, 20.00,
190.833, 0.00,
-9999.0,
55 140 1:10 Air 84 85:50 1 Z
1.0, 1.0, 0.0,
0.000, 0.00,
0.733, 55.00,
140.000, 55.00,
141.167, 20.00,
225.167, 20.00,
225.833, 0.00,
-9999.0,
55 150 1:10 Air 105 106:50 1.5 Z
1.0, 1.0, 0.0,
0.000, 0.00,
0.733, 55.00,
150.000, 55.00,
151.167, 20.00,
256.167, 20.00,
256.833, 0.00,
-9999.0,
55 160 1:10 Air 123 124:50 1.5 Z
1.0, 1.0, 0.0,
0.000, 0.00,
0.733, 55.00,
160.000, 55.00,
161.167, 20.00,
284.167, 20.00,
284.833, 0.00,
-9999.0,
55 170 1:10 Air 138 139:50 1.5 Z
1.0, 1.0, 0.0,
0.000, 0.00,
0.733, 55.00,
170.000, 55.00,
171.167, 20.00,
309.167, 20.00,
309.833, 0.00,
-9999.0,
55 180 1:10 Air 151 152:50 2 Z
1.0, 1.0, 0.0,
0.000, 0.00,
0.733, 55.00,
180.000, 55.00,
181.167, 20.00,
332.167, 20.00,
332.833, 0.00,
-9999.0,
55 190 1:10 Air 169 170:50 2
1.0, 1.0, 0.0,
0.000, 0.00,
0.733, 55.00,
190.000, 55.00,
191.167, 20.00,
360.167, 20.00,
360.833, 0.00,
-9999.0,
55 200 1:10 Air 190 191:50 2
1.0, 1.0, 0.0,
0.000, 0.00,
0.733, 55.00,
200.000, 55.00,
201.167, 20.00,
391.167, 20.00,
391.833, 0.00,
-9999.0,
55 210 1:10 Air 208 209:50 2.5
1.0, 1.0, 0.0,
0.000, 0.00,
0.733, 55.00,
210.000, 55.00,
211.167, 20.00,
419.167, 20.00,
419.833, 0.00,
-9999.0,
55 220 1:10 Air 224 225:50 2.5
1.0, 1.0, 0.0,
0.000, 0.00,
0.733, 55.00,
220.000, 55.00,
221.167, 20.00,
445.167, 20.00,
445.833, 0.00,
-9999.0,
55 230 1:10 Air 239 240:50 2.5
1.0, 1.0, 0.0,
0.000, 0.00,
0.733, 55.00,
230.000, 55.00,
231.167, 20.00,
470.167, 20.00,
470.833, 0.00,
-9999.0,
55 240 1:10 Air 254 255:50 3
1.0, 1.0, 0.0,
0.000, 0.00,
0.733, 55.00,
240.000, 55.00,
241.167, 20.00,
495.167, 20.00,
495.833, 0.00,
-9999.0,
55 270 1:10 Air 313 314:50 3.5
1.0, 1.0, 0.0,
0.000, 0.00,
0.733, 55.00,
270.000, 55.00,
271.167, 20.00,
584.167, 20.00,
584.833, 0.00,
-9999.0,
55 300 1:10 Air 380 381:50 3.5
1.0, 1.0, 0.0,
0.000, 0.00,
0.733, 55.00,
300.000, 55.00,
301.167, 20.00,
681.167, 20.00,
681.833, 0.00,
-9999.0,
55 330 1:10 Air 432 433:50 4
1.0, 1.0, 0.0,
0.000, 0.00,
0.733, 55.00,
330.000, 55.00,
331.167, 20.00,
763.167, 20.00,
763.833, 0.00,
-9999.0,
55 360 1:10 Air 474 475:50 4.5
1.0, 1.0, 0.0,
0.000, 0.00,
0.733, 55.00,
360.000, 55.00,
361.167, 20.00,
835.167, 20.00,
835.833, 0.00,
-9999.0,
60 63 2:00 Air 0 2:00 0 K
1.0, 1.0, 0.0,
0.000, 0.00,
0.800, 60.00,
63.000, 60.00,
65.000, 0.00,
-9999.0,
60 65 1:20 Air 2 4:00 0.5 L
1.0, 1.0, 0.0,
0.000, 0.00,
0.800, 60.00,
65.000, 60.00,
66.333, 20.00,
68.333, 20.00,
69.000, 0.00,
-9999.0,
60 70 1:20 Air 7 9:00 0.5 L
1.0, 1.0, 0.0,
0.000, 0.00,
0.800, 60.00,
70.000, 60.00,
71.333, 20.00,
78.333, 20.00,
79.000, 0.00,
-9999.0,
60 80 1:20 Air 14 16:00 0.5 N
1.0, 1.0, 0.0,
0.000, 0.00,
0.800, 60.00,
80.000, 60.00,
81.333, 20.00,
95.333, 20.00,
96.000, 0.00,
-9999.0,
60 90 1:20 Air 23 25:00 0.5 O
1.0, 1.0, 0.0,
0.000, 0.00,
0.800, 60.00,
90.000, 60.00,
91.333, 20.00,
114.333, 20.00,
115.000, 0.00,
-9999.0,
60 100 1:20 Air 42 44:00 1 Z
1.0, 1.0, 0.0,
0.000, 0.00,
0.800, 60.00,
100.000, 60.00,
101.333, 20.00,
143.333, 20.00,
144.000, 0.00,
-9999.0,
60 110 1:20 Air 57 59:00 1 Z
1.0, 1.0, 0.0,
0.000, 0.00,
0.800, 60.00,
110.000, 60.00,
111.333, 20.00,
168.333, 20.00,
169.000, 0.00,
-9999.0,
60 120 1:20 Air 75 77:00 1 Z
1.0, 1.0, 0.0,
0.000, 0.00,
0.800, 60.00,
120.000, 60.00,
121.333, 20.00,
196.333, 20.00,
197.000, 0.00,
-9999.0,
60 130 1:20 Air 102 104:00 1.5 Z
1.0, 1.0, 0.0,
0.000, 0.00,
0.800, 60.00,
130.000, 60.00,
131.333, 20.00,
233.333, 20.00,
234.000, 0.00,
-9999.0,
60 140 1:20 Air 124 126:00 1.5 Z
1.0, 1.0, 0.0,
0.000, 0.00,
0.800, 60.00,
140.000, 60.00,
141.333, 20.00,
265.333, 20.00,
266.000, 0.00,
-9999.0,
60 150 1:20 Air 143 145:00 2 Z
1.0, 1.0, 0.0,
0.000, 0.00,
0.800, 60.00,
150.000, 60.00,
151.333, 20.00,
294.333, 20.00,
295.000, 0.00,
-9999.0,
60 160 1:20 Air 158 160:00 2 Z
1.0, 1.0, 0.0,
0.000, 0.00,
0.800, 60.00,
160.000, 60.00,
161.333, 20.00,
319.333, 20.00,
320.000, 0.00,
-9999.0,
60 170 1:20 Air 178 180:00 2
1.0, 1.0, 0.0,
0.000, 0.00,
0.800, 60.00,
170.000, 60.00,
171.333, 20.00,
349.333, 20.00,
350.000, 0.00,
-9999.0,
60 180 1:20 Air 201 203:00 2.5
1.0, 1.0, 0.0,
0.000, 0.00,
0.800, 60.00,
180.000, 60.00,
181.333, 20.00,
382.333, 20.00,
383.000, 0.00,
-9999.0,
60 190 1:20 Air 222 224:00 2.5
1.0, 1.0, 0.0,
0.000, 0.00,
0.800, 60.00,
190.000, 60.00,
191.333, 20.00,
413.333, 20.00,
414.000, 0.00,
-9999.0,
60 200 1:20 Air 240 242:00 2.5
1.0, 1.0, 0.0,
0.000, 0.00,
0.800, 60.00,
200.000, 60.00,
201.333, 20.00,
441.333, 20.00,
442.000, 0.00,
-9999.0,
60 210 1:20 Air 256 258:00 3
1.0, 1.0, 0.0,
0.000, 0.00,
0.800, 60.00,
210.000, 60.00,
211.333, 20.00,
467.333, 20.00,
468.000, 0.00,
-9999.0,
60 220 1:20 Air 278 280:00 3
1.0, 1.0, 0.0,
0.000, 0.00,
0.800, 60.00,
220.000, 60.00,
221.333, 20.00,
499.333, 20.00,
500.000, 0.00,
-9999.0,
60 230 1:20 Air 300 302:00 3.5
1.0, 1.0, 0.0,
0.000, 0.00,
0.800, 60.00,
230.000, 60.00,
231.333, 20.00,
531.333, 20.00,
532.000, 0.00,
-9999.0,
60 240 1:20 Air 321 323:00 3.5
1.0, 1.0, 0.0,
0.000, 0.00,
0.800, 60.00,
240.000, 60.00,
241.333, 20.00,
562.333, 20.00,
563.000, 0.00,
-9999.0,
60 270 1:20 Air 398 400:00 4
1.0, 1.0, 0.0,
0.000, 0.00,
0.800, 60.00,
270.000, 60.00,
271.333, 20.00,
669.333, 20.00,
670.000, 0.00,
-9999.0,
60 300 1:20 Air 456 458:00 4.5
1.0, 1.0, 0.0,
0.000, 0.00,
0.800, 60.00,
300.000, 60.00,
301.333, 20.00,
757.333, 20.00,
758.000, 0.00,
-9999.0,
70 48 2:20 Air 0 2:20 0 K
1.0, 1.0, 0.0,
0.000, 0.00,
0.933, 70.00,
48.000, 70.00,
50.333, 0.00,
-9999.0,
70 50 1:40 Air 2 4:20 0.5 K
1.0, 1.0, 0.0,
0.000, 0.00,
0.933, 70.00,
50.000, 70.00,
51.667, 20.00,
53.667, 20.00,
54.333, 0.00,
-9999.0,
70 55 1:40 Air 9 11:20 0.5 L
1.0, 1.0, 0.0,
0.000, 0.00,
0.933, 70.00,
55.000, 70.00,
56.667, 20.00,
65.667, 20.00,
66.333, 0.00,
-9999.0,
70 60 1:40 Air 14 16:20 0.5 M
1.0, 1.0, 0.0,
0.000, 0.00,
0.933, 70.00,
60.000, 70.00,
61.667, 20.00,
75.667, 20.00,
76.333, 0.00,
-9999.0,
70 70 1:40 Air 24 26:20 0.5 N
1.0, 1.0, 0.0,
0.000, 0.00,
0.933, 70.00,
70.000, 70.00,
71.667, 20.00,
95.667, 20.00,
96.333, 0.00,
-9999.0,
70 80 1:40 Air 44 46:20 1 O
1.0, 1.0, 0.0,
0.000, 0.00,
0.933, 70.00,
80.000, 70.00,
81.667, 20.00,
125.667, 20.00,
126.333, 0.00,
-9999.0,
70 90 1:40 Air 64 66:20 1 Z
1.0, 1.0, 0.0,
0.000, 0.00,
0.933, 70.00,
90.000, 70.00,
91.667, 20.00,
155.667, 20.00,
156.333, 0.00,
-9999.0,
70 100 1:40 Air 88 90:20 1.5 Z
1.0, 1.0, 0.0,
0.000, 0.00,
0.933, 70.00,
100.000, 70.00,
101.667, 20.00,
189.667, 20.00,
190.333, 0.00,
-9999.0,
70 110 1:40 Air 120 122:20 1.5 Z
1.0, 1.0, 0.0,
0.000, 0.00,
0.933, 70.00,
110.000, 70.00,
111.667, 20.00,
231.667, 20.00,
232.333, 0.00,
-9999.0,
70 120 1:40 Air 145 147:20 2 Z
1.0, 1.0, 0.0,
0.000, 0.00,
0.933, 70.00,
120.000, 70.00,
121.667, 20.00,
266.667, 20.00,
267.333, 0.00,
-9999.0,
70 130 1:40 Air 167 169:20 2 Z
1.0, 1.0, 0.0,
0.000, 0.00,
0.933, 70.00,
130.000, 70.00,
131.667, 20.00,
298.667, 20.00,
299.333, 0.00,
-9999.0,
70 140 1:40 Air 189 191:20 2.5
1.0, 1.0, 0.0,
0.000, 0.00,
0.933, 70.00,
140.000, 70.00,
141.667, 20.00,
330.667, 20.00,
331.333, 0.00,
-9999.0,
70 150 1:40 Air 219 221:20 2.5
1.0, 1.0, 0.0,
0.000, 0.00,
0.933, 70.00,
150.000, 70.00,
151.667, 20.00,
370.667, 20.00,
371.333, 0.00,
-9999.0,
70 160 1:20 Air 1 244 247:00 3
1.0, 1.0, 0.0,
0.000, 0.00,
0.933, 70.00,
160.000, 70.00,
161.333, 30.00,
162.333, 30.00,
162.667, 20.00,
406.333, 20.00,
407.000, 0.00,
-9999.0,
70 170 1:20 Air 2 265 269:00 3
1.0, 1.0, 0.0,
0.000, 0.00,
0.933, 70.00,
170.000, 70.00,
171.333, 30.00,
173.333, 30.00,
173.667, 20.00,
438.333, 20.00,
439.000, 0.00,
-9999.0,
70 180 1:20 Air 4 289 295:00 3.5
1.0, 1.0, 0.0,
0.000, 0.00,
0.933, 70.00,
180.000, 70.00,
181.333, 30.00,
185.333, 30.00,
185.667, 20.00,
474.333, 20.00,
475.000, 0.00,
-9999.0,
70 190 1:20 Air 5 316 323:00 3.5
1.0, 1.0, 0.0,
0.000, 0.00,
0.933, 70.00,
190.000, 70.00,
191.333, 30.00,
196.333, 30.00,
196.667, 20.00,
512.333, 20.00,
513.000, 0.00,
-9999.0,
70 200 1:20 Air 9 345 356:00 4
1.0, 1.0, 0.0,
0.000, 0.00,
0.933, 70.00,
200.000, 70.00,
201.333, 30.00,
210.333, 30.00,
210.667, 20.00,
555.333, 20.00,
556.000, 0.00,
-9999.0,
70 210 1:20 Air 13 378 393:00 4
1.0, 1.0, 0.0,
0.000, 0.00,
0.933, 70.00,
210.000, 70.00,
211.333, 30.00,
224.333, 30.00,
224.667, 20.00,
602.333, 20.00,
603.000, 0.00,
-9999.0,
70 240 1:20 Air 25 454 481:00 5
1.0, 1.0, 0.0,
0.000, 0.00,
0.933, 70.00,
240.000, 70.00,
241.333, 30.00,
266.333, 30.00,
266.667, 20.00,
720.333, 20.00,
721.000, 0.00,
-9999.0,
80 39 2:40 Air 0 2:40 0 J
1.0, 1.0, 0.0,
0.000, 0.00,
1.067, 80.00,
39.000, 80.00,
41.667, 0.00,
-9999.0,
80 40 2:00 Air 1 3:40 0.5 J
1.0, 1.0, 0.0,
0.000, 0.00,
1.067, 80.00,
40.000, 80.00,
42.000, 20.00,
43.000, 20.00,
43.667, 0.00,
-9999.0,
80 45 2:00 Air 10 12:40 0.5 K
1.0, 1.0, 0.0,
0.000, 0.00,
1.067, 80.00,
45.000, 80.00,
47.000, 20.00,
57.000, 20.00,
57.667, 0.00,
-9999.0,
80 50 2:00 Air 17 19:40 0.5 M
1.0, 1.0, 0.0,
0.000, 0.00,
1.067, 80.00,
50.000, 80.00,
52.000, 20.00,
69.000, 20.00,
69.667, 0.00,
-9999.0,
80 55 2:00 Air 24 26:40 0.5 M
1.0, 1.0, 0.0,
0.000, 0.00,
1.067, 80.00,
55.000, 80.00,
57.000, 20.00,
81.000, 20.00,
81.667, 0.00,
-9999.0,
80 60 2:00 Air 30 32:40 1 N
1.0, 1.0, 0.0,
0.000, 0.00,
1.067, 80.00,
60.000, 80.00,
62.000, 20.00,
92.000, 20.00,
92.667, 0.00,
-9999.0,
80 70 2:00 Air 54 56:40 1 O
1.0, 1.0, 0.0,
0.000, 0.00,
1.067, 80.00,
70.000, 80.00,
72.000, 20.00,
126.000, 20.00,
126.667, 0.00,
-9999.0,
80 80 2:00 Air 77 79:40 1.5 Z
1.0, 1.0, 0.0,
0.000, 0.00,
1.067, 80.00,
80.000, 80.00,
82.000, 20.00,
159.000, 20.00,
159.667, 0.00,
-9999.0,
80 90 2:00 Air 114 116:40 1.5 Z
1.0, 1.0, 0.0,
0.000, 0.00,
1.067, 80.00,
90.000, 80.00,
92.000, 20.00,
206.000, 20.00,
206.667, 0.00,
-9999.0,
80 100 1:40 Air 1 147 150:20 2 Z
1.0, 1.0, 0.0,
0.000, 0.00,
1.067, 80.00,
100.000, 80.00,
101.667, 30.00,
102.667, 30.00,
103.000, 20.00,
249.667, 20.00,
250.333, 0.00,
-9999.0,
80 110 1:40 Air 6 171 179:20 2 Z
1.0, 1.0, 0.0,
0.000, 0.00,
1.067, 80.00,
110.000, 80.00,
111.667, 30.00,
117.667, 30.00,
118.000, 20.00,
288.667, 20.00,
289.333, 0.00,
-9999.0,
80 120 1:40 Air 10 200 212:20 2.5
1.0, 1.0, 0.0,
0.000, 0.00,
1.067, 80.00,
120.000, 80.00,
121.667, 30.00,
131.667, 30.00,
132.000, 20.00,
331.667, 20.00,
332.333, 0.00,
-9999.0,
80 130 1:40 Air 14 232 248:20 3
1.0, 1.0, 0.0,
0.000, 0.00,
1.067, 80.00,
130.000, 80.00,
131.667, 30.00,
145.667, 30.00,
146.000, 20.00,
377.667, 20.00,
378.333, 0.00,
-9999.0,
80 140 1:40 Air 17 258 277:20 3.5
1.0, 1.0, 0.0,
0.000, 0.00,
1.067, 80.00,
140.000, 80.00,
141.667, 30.00,
158.667, 30.00,
159.000, 20.00,
416.667, 20.00,
417.333, 0.00,
-9999.0,
80 150 1:40 Air 19 285 306:20 3.5
1.0, 1.0, 0.0,
0.000, 0.00,
1.067, 80.00,
150.000, 80.00,
151.667, 30.00,
170.667, 30.00,
171.000, 20.00,
455.667, 20.00,
456.333, 0.00,
-9999.0,
80 160 1:40 Air 21 318 341:20 4
1.0, 1.0, 0.0,
0.000, 0.00,
1.067, 80.00,
160.000, 80.00,
161.667, 30.00,
182.667, 30.00,
183.000, 20.00,
500.667, 20.00,
501.333, 0.00,
-9999.0,
80 170 1:40 Air 27 354 383:20 4
1.0, 1.0, 0.0,
0.000, 0.00,
1.067, 80.00,
170.000, 80.00,
171.667, 30.00,
198.667, 30.00,
199.000, 20.00,
552.667, 20.00,
553.333, 0.00,
-9999.0,
80 180 1:40 Air 33 391 426:20 4.5
1.0, 1.0, 0.0,
0.000, 0.00,
1.067, 80.00,
180.000, 80.00,
181.667, 30.00,
214.667, 30.00,
215.000, 20.00,
605.667, 20.00,
606.333, 0.00,
-9999.0,
80 210 1:40 Air 51 473 526:20 5
1.0, 1.0, 0.0,
0.000, 0.00,
1.067, 80.00,
210.000, 80.00,
211.667, 30.00,
262.667, 30.00,
263.000, 20.00,
735.667, 20.00,
736.333, 0.00,
-9999.0,
90 33 3:00 Air 0 3:00 0 J
1.0, 1.0, 0.0,
0.000, 0.00,
1.200, 90.00,
33.000, 90.00,
36.000, 0.00,
-9999.0,
90 35 2:20 Air 4 7:00 0.5 J
1.0, 1.0, 0.0,
0.000, 0.00,
1.200, 90.00,
35.000, 90.00,
37.333, 20.00,
41.333, 20.00,
42.000, 0.00,
-9999.0,
90 40 2:20 Air 14 17:00 0.5 L
1.0, 1.0, 0.0,
0.000, 0.00,
1.200, 90.00,
40.000, 90.00,
42.333, 20.00,
56.333, 20.00,
57.000, 0.00,
-9999.0,
90 45 2:20 Air 23 26:00 0.5 M
1.0, 1.0, 0.0,
0.000, 0.00,
1.200, 90.00,
45.000, 90.00,
47.333, 20.00,
70.333, 20.00,
71.000, 0.00,
-9999.0,
90 50 2:20 Air 31 34:00 1 N
1.0, 1.0, 0.0,
0.000, 0.00,
1.200, 90.00,
50.000, 90.00,
52.333, 20.00,
83.333, 20.00,
84.000, 0.00,
-9999.0,
90 55 2:20 Air 39 42:00 1 O
1.0, 1.0, 0.0,
0.000, 0.00,
1.200, 90.00,
55.000, 90.00,
57.333, 20.00,
96.333, 20.00,
97.000, 0.00,
-9999.0,
90 60 2:20 Air 56 59:00 1 O
1.0, 1.0, 0.0,
0.000, 0.00,
1.200, 90.00,
60.000, 90.00,
62.333, 20.00,
118.333, 20.00,
119.000, 0.00,
-9999.0,
90 70 2:20 Air 83 86:00 1.5 Z
1.0, 1.0, 0.0,
0.000, 0.00,
1.200, 90.00,
70.000, 90.00,
72.333, 20.00,
155.333, 20.00,
156.000, 0.00,
-9999.0,
90 80 2:00 Air 5 125 132:40 2 Z
1.0, 1.0, 0.0,
0.000, 0.00,
1.200, 90.00,
80.000, 90.00,
82.000, 30.00,
87.000, 30.00,
87.333, 20.00,
212.000, 20.00,
212.667, 0.00,
-9999.0,
90 90 2:00 Air 13 158 173:40 2 Z
1.0, 1.0, 0.0,
0.000, 0.00,
1.200, 90.00,
90.000, 90.00,
92.000, 30.00,
105.000, 30.00,
105.333, 20.00,
263.000, 20.00,
263.667, 0.00,
-9999.0,
90 100 2:00 Air 19 185 206:40 2.5
1.0, 1.0, 0.0,
0.000, 0.00,
1.200, 90.00,
100.000, 90.00,
102.000, 30.00,
121.000, 30.00,
121.333, 20.00,
306.000, 20.00,
306.667, 0.00,
-9999.0,
90 110 2:00 Air 25 224 251:40 3
1.0, 1.0, 0.0,
0.000, 0.00,
1.200, 90.00,
110.000, 90.00,
112.000, 30.00,
137.000, 30.00,
137.333, 20.00,
361.000, 20.00,
361.667, 0.00,
-9999.0,
90 120 1:40 Air 2 28 256 288:20 3.5
1.0, 1.0, 0.0,
0.000, 0.00,
1.200, 90.00,
120.000, 90.00,
121.667, 40.00,
123.667, 40.00,
124.000, 30.00,
151.667, 30.00,
152.000, 20.00,
407.667, 20.00,
408.333, 0.00,
-9999.0,
90 130 1:40 Air 5 28 291 326:20 3.5
1.0, 1.0, 0.0,
0.000, 0.00,
1.200, 90.00,
130.000, 90.00,
131.667, 40.00,
136.667, 40.00,
137.000, 30.00,
164.667, 30.00,
165.000, 20.00,
455.667, 20.00,
456.333, 0.00,
-9999.0,
90 140 1:40 Air 8 28 330 368:20 4
1.0, 1.0, 0.0,
0.000, 0.00,
1.200, 90.00,
140.000, 90.00,
141.667, 40.00,
149.667, 40.00,
150.000, 30.00,
177.667, 30.00,
178.000, 20.00,
507.667, 20.00,
508.333, 0.00,
-9999.0,
90 150 1:40 Air 11 34 378 425:20 4.5
1.0, 1.0, 0.0,
0.000, 0.00,
1.200, 90.00,
150.000, 90.00,
151.667, 40.00,
162.667, 40.00,
163.000, 30.00,
196.667, 30.00,
197.000, 20.00,
574.667, 20.00,
575.333, 0.00,
-9999.0,
90 160 1:40 Air 13 40 418 473:20 4.5
1.0, 1.0, 0.0,
0.000, 0.00,
1.200, 90.00,
160.000, 90.00,
161.667, 40.00,
174.667, 40.00,
175.000, 30.00,
214.667, 30.00,
215.000, 20.00,
632.667, 20.00,
633.333, 0.00,
-9999.0,
90 170 1:40 Air 15 45 451 513:20 5
1.0, 1.0, 0.0,
0.000, 0.00,
1.200, 90.00,
170.000, 90.00,
171.667, 40.00,
186.667, 40.00,
187.000, 30.00,
231.667, 30.00,
232.000, 20.00,
682.667, 20.00,
683.333, 0.00,
-9999.0,
90 180 1:40 Air 16 51 479 548:20 5.5
1.0, 1.0, 0.0,
0.000, 0.00,
1.200, 90.00,
180.000, 90.00,
181.667, 40.00,
197.667, 40.00,
198.000, 30.00,
248.667, 30.00,
249.000, 20.00,
727.667, 20.00,
728.333, 0.00,
-9999.0,
90 240 1:40 Air 42 68 592 704:20 7.5
1.0, 1.0, 0.0,
0.000, 0.00,
1.200, 90.00,
240.000, 90.00,
241.667, 40.00,
283.667, 40.00,
284.000, 30.00,
351.667, 30.00,
352.000, 20.00,
943.667, 20.00,
944.333, 0.00,
-9999.0,
100 25 3:20 Air 0 3:20 0 H
1.0, 1.0, 0.0,
0.000, 0.00,
1.333, 100.00,
25.000, 100.00,
28.333, 0.00,
-9999.0,
100 30 2:40 Air 3 6:20 0.5 J
1.0, 1.0, 0.0,
0.000, 0.00,
1.333, 100.00,
30.000, 100.00,
32.667, 20.00,
35.667, 20.00,
36.333, 0.00,
-9999.0,
100 35 2:40 Air 15 18:20 0.5 L
1.0, 1.0, 0.0,
0.000, 0.00,
1.333, 100.00,
35.000, 100.00,
37.667, 20.00,
52.667, 20.00,
53.333, 0.00,
-9999.0,
100 40 2:40 Air 26 29:20 1 M
1.0, 1.0, 0.0,
0.000, 0.00,
1.333, 100.00,
40.000, 100.00,
42.667, 20.00,
68.667, 20.00,
69.333, 0.00,
-9999.0,
100 45 2:40 Air 36 39:20 1 N
1.0, 1.0, 0.0,
0.000, 0.00,
1.333, 100.00,
45.000, 100.00,
47.667, 20.00,
83.667, 20.00,
84.333, 0.00,
-9999.0,
100 50 2:40 Air 47 50:20 1 O
1.0, 1.0, 0.0,
0.000, 0.00,
1.333, 100.00,
50.000, 100.00,
52.667, 20.00,
99.667, 20.00,
100.333, 0.00,
-9999.0,
100 55 2:40 Air 65 68:20 1.5 Z
1.0, 1.0, 0.0,
0.000, 0.00,
1.333, 100.00,
55.000, 100.00,
57.667, 20.00,
122.667, 20.00,
123.333, 0.00,
-9999.0,
100 60 2:40 Air 81 84:20 1.5 Z
1.0, 1.0, 0.0,
0.000, 0.00,
1.333, 100.00,
60.000, 100.00,
62.667, 20.00,
143.667, 20.00,
144.333, 0.00,
-9999.0,
100 70 2:20 Air 11 124 138:00 2 Z
1.0, 1.0, 0.0,
0.000, 0.00,
1.333, 100.00,
70.000, 100.00,
72.333, 30.00,
83.333, 30.00,
83.667, 20.00,
207.333, 20.00,
208.000, 0.00,
-9999.0,
100 80 2:20 Air 21 160 184:00 2.5 Z
1.0, 1.0, 0.0,
0.000, 0.00,
1.333, 100.00,
80.000, 100.00,
82.333, 30.00,
103.333, 30.00,
103.667, 20.00,
263.333, 20.00,
264.000, 0.00,
-9999.0,
100 90 2:00 Air 2 28 196 228:40 2.5
1.0, 1.0, 0.0,
0.000, 0.00,
1.333, 100.00,
90.000, 100.00,
92.000, 40.00,
94.000, 40.00,
94.333, 30.00,
122.000, 30.00,
122.333, 20.00,
318.000, 20.00,
318.667, 0.00,
-9999.0,
100 100 2:00 Air 9 28 241 280:40 3
1.0, 1.0, 0.0,
0.000, 0.00,
1.333, 100.00,
100.000, 100.00,
102.000, 40.00,
111.000, 40.00,
111.333, 30.00,
139.000, 30.00,
139.333, 20.00,
380.000, 20.00,
380.667, 0.00,
-9999.0,
100 110 2:00 Air 14 28 278 322:40 3.5
1.0, 1.0, 0.0,
0.000, 0.00,
1.333, 100.00,
110.000, 100.00,
112.000, 40.00,
126.000, 40.00,
126.333, 30.00,
154.000, 30.00,
154.333, 20.00,
432.000, 20.00,
432.667, 0.00,
-9999.0,
100 120 2:00 Air 19 28 324 373:40 4
1.0, 1.0, 0.0,
0.000, 0.00,
1.333, 100.00,
120.000, 100.00,
122.000, 40.00,
141.000, 40.00,
141.333, 30.00,
169.000, 30.00,
169.333, 20.00,
493.000, 20.00,
493.667, 0.00,
-9999.0,
100 150 1:40 Air 3 26 46 461 538:20 5
1.0, 1.0, 0.0,
0.000, 0.00,
1.333, 100.00,
150.000, 100.00,
151.667, 50.00,
154.667, 50.00,
155.000, 40.00,
180.667, 40.00,
181.000, 30.00,
226.667, 30.00,
227.000, 20.00,
687.667, 20.00,
688.333, 0.00,
-9999.0,
110 20 3:40 Air 0 3:40 0 H
1.0, 1.0, 0.0,
0.000, 0.00,
1.467, 110.00,
20.000, 110.00,
23.667, 0.00,
-9999.0,
110 25 3:00 Air 5 8:40 0.5 I
1.0, 1.0, 0.0,
0.000, 0.00,
1.467, 110.00,
25.000, 110.00,
28.000, 20.00,
33.000, 20.00,
33.667, 0.00,
-9999.0,
110 30 3:00 Air 14 17:40 0.5 K
1.0, 1.0, 0.0,
0.000, 0.00,
1.467, 110.00,
30.000, 110.00,
33.000, 20.00,
47.000, 20.00,
47.667, 0.00,
-9999.0,
110 35 3:00 Air 27 30:40 1 M
1.0, 1.0, 0.0,
0.000, 0.00,
1.467, 110.00,
35.000, 110.00,
38.000, 20.00,
65.000, 20.00,
65.667, 0.00,
-9999.0,
110 40 3:00 Air 39 42:40 1 N
1.0, 1.0, 0.0,
0.000, 0.00,
1.467, 110.00,
40.000, 110.00,
43.000, 20.00,
82.000, 20.00,
82.667, 0.00,
-9999.0,
110 45 3:00 Air 50 53:40 1 O
1.0, 1.0, 0.0,
0.000, 0.00,
1.467, 110.00,
45.000, 110.00,
48.000, 20.00,
98.000, 20.00,
98.667, 0.00,
-9999.0,
110 50 3:00 Air 71 74:40 1.5 Z
1.0, 1.0, 0.0,
0.000, 0.00,
1.467, 110.00,
50.000, 110.00,
53.000, 20.00,
124.000, 20.00,
124.667, 0.00,
-9999.0,
110 55 2:40 Air 5 85 93:20 1.5 Z
1.0, 1.0, 0.0,
0.000, 0.00,
1.467, 110.00,
55.000, 110.00,
57.667, 30.00,
62.667, 30.00,
63.000, 20.00,
147.667, 20.00,
148.333, 0.00,
-9999.0,
110 60 2:40 Air 13 111 127:20 2 Z
1.0, 1.0, 0.0,
0.000, 0.00,
1.467, 110.00,
60.000, 110.00,
62.667, 30.00,
75.667, 30.00,
76.000, 20.00,
186.667, 20.00,
187.333, 0.00,
-9999.0,
110 70 2:40 Air 26 155 184:20 2.5 Z
1.0, 1.0, 0.0,
0.000, 0.00,
1.467, 110.00,
70.000, 110.00,
72.667, 30.00,
98.667, 30.00,
99.000, 20.00,
253.667, 20.00,
254.333, 0.00,
-9999.0,
110 80 2:20 Air 9 28 200 240:00 2.5
1.0, 1.0, 0.0,
0.000, 0.00,
1.467, 110.00,
80.000, 110.00,
82.333, 40.00,
91.333, 40.00,
91.667, 30.00,
119.333, 30.00,
119.667, 20.00,
319.333, 20.00,
320.000, 0.00,
-9999.0,
110 90 2:20 Air 18 28 249 298:00 3.5
1.0, 1.0, 0.0,
0.000, 0.00,
1.467, 110.00,
90.000, 110.00,
92.333, 40.00,
110.333, 40.00,
110.667, 30.00,
138.333, 30.00,
138.667, 20.00,
387.333, 20.00,
388.000, 0.00,
-9999.0,
110 100 2:20 Air 25 28 295 351:00 3.5
1.0, 1.0, 0.0,
0.000, 0.00,
1.467, 110.00,
100.000, 110.00,
102.333, 40.00,
127.333, 40.00,
127.667, 30.00,
155.333, 30.00,
155.667, 20.00,
450.333, 20.00,
451.000, 0.00,
-9999.0,
110 110 2:00 Air 5 26 28 353 414:40 4
1.0, 1.0, 0.0,
0.000, 0.00,
1.467, 110.00,
110.000, 110.00,
112.000, 50.00,
117.000, 50.00,
117.333, 40.00,
143.000, 40.00,
143.333, 30.00,
171.000, 30.00,
171.333, 20.00,
524.000, 20.00,
524.667, 0.00,
-9999.0,
110 120 2:00 Air 10 26 35 413 486:40 4.5
1.0, 1.0, 0.0,
0.000, 0.00,
1.467, 110.00,
120.000, 110.00,
122.000, 50.00,
132.000, 50.00,
132.333, 40.00,
158.000, 40.00,
158.333, 30.00,
193.000, 30.00,
193.333, 20.00,
606.000, 20.00,
606.667, 0.00,
-9999.0,
110 180 1:40 Air 3 23 47 68 593 736:20 7.5
1.0, 1.0, 0.0,
0.000, 0.00,
1.467, 110.00,
180.000, 110.00,
181.667, 60.00,
184.667, 60.00,
185.000, 50.00,
207.667, 50.00,
208.000, 40.00,
254.667, 40.00,
255.000, 30.00,
322.667, 30.00,
323.000, 20.00,
915.667, 20.00,
916.333, 0.00,
-9999.0,
120 15 4:00 Air 0 4:00 0 F
1.0, 1.0, 0.0,
0.000, 0.00,
1.600, 120.00,
15.000, 120.00,
19.000, 0.00,
-9999.0,
120 20 3:20 Air 4 8:00 0.5 H
1.0, 1.0, 0.0,
0.000, 0.00,
1.600, 120.00,
20.000, 120.00,
23.333, 20.00,
27.333, 20.00,
28.000, 0.00,
-9999.0,
120 25 3:20 Air 9 13:00 0.5 J
1.0, 1.0, 0.0,
0.000, 0.00,
1.600, 120.00,
25.000, 120.00,
28.333, 20.00,
37.333, 20.00,
38.000, 0.00,
-9999.0,
120 30 3:20 Air 24 28:00 0.5 L
1.0, 1.0, 0.0,
0.000, 0.00,
1.600, 120.00,
30.000, 120.00,
33.333, 20.00,
57.333, 20.00,
58.000, 0.00,
-9999.0,
120 35 3:20 Air 38 42:00 1 N
1.0, 1.0, 0.0,
0.000, 0.00,
1.600, 120.00,
35.000, 120.00,
38.333, 20.00,
76.333, 20.00,
77.000, 0.00,
-9999.0,
120 40 3:00 Air 2 49 54:40 1 O
1.0, 1.0, 0.0,
0.000, 0.00,
1.600, 120.00,
40.000, 120.00,
43.000, 30.00,
45.000, 30.00,
45.333, 20.00,
94.000, 20.00,
94.667, 0.00,
-9999.0,
120 45 3:00 Air 3 71 77:40 1.5 Z
1.0, 1.0, 0.0,
0.000, 0.00,
1.600, 120.00,
45.000, 120.00,
48.000, 30.00,
51.000, 30.00,
51.333, 20.00,
122.000, 20.00,
122.667, 0.00,
-9999.0,
120 50 3:00 Air 10 85 98:40 1.5 Z
1.0, 1.0, 0.0,
0.000, 0.00,
1.600, 120.00,
50.000, 120.00,
53.000, 30.00,
63.000, 30.00,
63.333, 20.00,
148.000, 20.00,
148.667, 0.00,
-9999.0,
120 55 3:00 Air 19 116 138:40 2 Z
1.0, 1.0, 0.0,
0.000, 0.00,
1.600, 120.00,
55.000, 120.00,
58.000, 30.00,
77.000, 30.00,
77.333, 20.00,
193.000, 20.00,
193.667, 0.00,
-9999.0,
120 60 3:00 Air 27 142 172:40 2 Z
1.0, 1.0, 0.0,
0.000, 0.00,
1.600, 120.00,
60.000, 120.00,
63.000, 30.00,
90.000, 30.00,
90.333, 20.00,
232.000, 20.00,
232.667, 0.00,
-9999.0,
120 70 2:40 Air 13 28 190 234:20 2.5
1.0, 1.0, 0.0,
0.000, 0.00,
1.600, 120.00,
70.000, 120.00,
72.667, 40.00,
85.667, 40.00,
86.000, 30.00,
113.667, 30.00,
114.000, 20.00,
303.667, 20.00,
304.333, 0.00,
-9999.0,
120 80 2:40 Air 24 28 246 301:20 3
1.0, 1.0, 0.0,
0.000, 0.00,
1.600, 120.00,
80.000, 120.00,
82.667, 40.00,
106.667, 40.00,
107.000, 30.00,
134.667, 30.00,
135.000, 20.00,
380.667, 20.00,
381.333, 0.00,
-9999.0,
120 90 2:20 Air 7 26 28 303 367:00 3.5
1.0, 1.0, 0.0,
0.000, 0.00,
1.600, 120.00,
90.000, 120.00,
92.333, 50.00,
99.333, 50.00,
99.667, 40.00,
125.333, 40.00,
125.667, 30.00,
153.333, 30.00,
153.667, 20.00,
456.333, 20.00,
457.000, 0.00,
-9999.0,
120 100 2:20 Air 15 25 28 372 443:00 4
1.0, 1.0, 0.0,
0.000, 0.00,
1.600, 120.00,
100.000, 120.00,
102.333, 50.00,
117.333, 50.00,
117.667, 40.00,
142.333, 40.00,
142.667, 30.00,
170.333, 30.00,
170.667, 20.00,
542.333, 20.00,
543.000, 0.00,
-9999.0,
120 110 2:20 Air 21 25 38 433 520:00 5
1.0, 1.0, 0.0,
0.000, 0.00,
1.600, 120.00,
110.000, 120.00,
112.333, 50.00,
133.333, 50.00,
133.667, 40.00,
158.333, 40.00,
158.667, 30.00,
196.333, 30.00,
196.667, 20.00,
629.333, 20.00,
630.000, 0.00,
-9999.0,
120 120 2:00 Air 3 23 25 47 480 580:40 5.5
1.0, 1.0, 0.0,
0.000, 0.00,
1.600, 120.00,
120.000, 120.00,
122.000, 60.00,
125.000, 60.00,
125.333, 50.00,
148.000, 50.00,
148.333, 40.00,
173.000, 40.00,
173.333, 30.00,
220.000, 30.00,
220.333, 20.00,
700.000, 20.00,
700.667, 0.00,
-9999.0,
130 12 4:20 Air 0 4:20 0 F
1.0, 1.0, 0.0,
0.000, 0.00,
1.733, 130.00,
12.000, 130.00,
16.333, 0.00,
-9999.0,
130 15 3:40 Air 3 7:20 0.5 G
1.0, 1.0, 0.0,
0.000, 0.00,
1.733, 130.00,
15.000, 130.00,
18.667, 20.00,
21.667, 20.00,
22.333, 0.00,
-9999.0,
130 20 3:40 Air 8 12:20 0.5 I
1.0, 1.0, 0.0,
0.000, 0.00,
1.733, 130.00,
20.000, 130.00,
23.667, 20.00,
31.667, 20.00,
32.333, 0.00,
-9999.0,
130 25 3:40 Air 17 21:20 0.5 K
1.0, 1.0, 0.0,
0.000, 0.00,
1.733, 130.00,
25.000, 130.00,
28.667, 20.00,
45.667, 20.00,
46.333, 0.00,
-9999.0,
130 30 3:20 Air 2 32 38:00 1 M
1.0, 1.0, 0.0,
0.000, 0.00,
1.733, 130.00,
30.000, 130.00,
33.333, 30.00,
35.333, 30.00,
35.667, 20.00,
67.333, 20.00,
68.000, 0.00,
-9999.0,
130 35 3:20 Air 5 44 53:00 1 O
1.0, 1.0, 0.0,
0.000, 0.00,
1.733, 130.00,
35.000, 130.00,
38.333, 30.00,
43.333, 30.00,
43.667, 20.00,
87.333, 20.00,
88.000, 0.00,
-9999.0,
130 40 3:20 Air 6 66 76:00 1.5 Z
1.0, 1.0, 0.0,
0.000, 0.00,
1.733, 130.00,
40.000, 130.00,
43.333, 30.00,
49.333, 30.00,
49.667, 20.00,
115.333, 20.00,
116.000, 0.00,
-9999.0,
130 45 3:00 Air 1 11 84 99:40 1.5 Z
1.0, 1.0, 0.0,
0.000, 0.00,
1.733, 130.00,
45.000, 130.00,
48.000, 40.00,
49.000, 40.00,
49.333, 30.00,
60.000, 30.00,
60.333, 20.00,
144.000, 20.00,
144.667, 0.00,
-9999.0,
130 50 3:00 Air 2 20 118 143:40 2 Z
1.0, 1.0, 0.0,
0.000, 0.00,
1.733, 130.00,
50.000, 130.00,
53.000, 40.00,
55.000, 40.00,
55.333, 30.00,
75.000, 30.00,
75.333, 20.00,
193.000, 20.00,
193.667, 0.00,
-9999.0,
130 55 3:00 Air 4 28 146 181:40 2 Z
1.0, 1.0, 0.0,
0.000, 0.00,
1.733, 130.00,
55.000, 130.00,
58.000, 40.00,
62.000, 40.00,
62.333, 30.00,
90.000, 30.00,
90.333, 20.00,
236.000, 20.00,
236.667, 0.00,
-9999.0,
130 60 3:00 Air 12 28 170 213:40 2.5 Z
1.0, 1.0, 0.0,
0.000, 0.00,
1.733, 130.00,
60.000, 130.00,
63.000, 40.00,
75.000, 40.00,
75.333, 30.00,
103.000, 30.00,
103.333, 20.00,
273.000, 20.00,
273.667, 0.00,
-9999.0,
130 70 2:40 Air 1 26 28 235 293:20 3
1.0, 1.0, 0.0,
0.000, 0.00,
1.733, 130.00,
70.000, 130.00,
72.667, 50.00,
73.667, 50.00,
74.000, 40.00,
99.667, 40.00,
100.000, 30.00,
127.667, 30.00,
128.000, 20.00,
362.667, 20.00,
363.333, 0.00,
-9999.0,
130 80 2:40 Air 12 26 28 297 366:20 3.5
1.0, 1.0, 0.0,
0.000, 0.00,
1.733, 130.00,
80.000, 130.00,
82.667, 50.00,
94.667, 50.00,
95.000, 40.00,
120.667, 40.00,
121.000, 30.00,
148.667, 30.00,
149.000, 20.00,
445.667, 20.00,
446.333, 0.00,
-9999.0,
130 90 2:40 Air 22 25 28 375 453:20 4
1.0, 1.0, 0.0,
0.000, 0.00,
1.733, 130.00,
90.000, 130.00,
92.667, 50.00,
114.667, 50.00,
115.000, 40.00,
139.667, 40.00,
140.000, 30.00,
167.667, 30.00,
168.000, 20.00,
542.667, 20.00,
543.333, 0.00,
-9999.0,
130 100 2:20 Air 6 23 26 38 444 540:00 5
1.0, 1.0, 0.0,
0.000, 0.00,
1.733, 130.00,
100.000, 130.00,
102.333, 60.00,
108.333, 60.00,
108.667, 50.00,
131.333, 50.00,
131.667, 40.00,
157.333, 40.00,
157.667, 30.00,
195.333, 30.00,
195.667, 20.00,
639.333, 20.00,
640.000, 0.00,
-9999.0,
130 120 2:20 Air 17 24 27 57 534 662:00 6
1.0, 1.0, 0.0,
0.000, 0.00,
1.733, 130.00,
120.000, 130.00,
122.333, 60.00,
139.333, 60.00,
139.667, 50.00,
163.333, 50.00,
163.667, 40.00,
190.333, 40.00,
190.667, 30.00,
247.333, 30.00,
247.667, 20.00,
781.333, 20.00,
782.000, 0.00,
-9999.0,
130 180 2:00 Air 13 21 45 57 94 658 890:40 9
1.0, 1.0, 0.0,
0.000, 0.00,
1.733, 130.00,
180.000, 130.00,
182.000, 70.00,
195.000, 70.00,
195.333, 60.00,
216.000, 60.00,
216.333, 50.00,
261.000, 50.00,
261.333, 40.00,
318.000, 40.00,
318.333, 30.00,
412.000, 30.00,
412.333, 20.00,
1070.000, 20.00,
1070.667, 0.00,
-9999.0,
140 10 4:40 Air 0 4:40 0 E
1.0, 1.0, 0.0,
0.000, 0.00,
1.867, 140.00,
10.000, 140.00,
14.667, 0.00,
-9999.0,
140 15 4:00 Air 5 9:40 0.5 H
1.0, 1.0, 0.0,
0.000, 0.00,
1.867, 140.00,
15.000, 140.00,
19.000, 20.00,
24.000, 20.00,
24.667, 0.00,
-9999.0,
140 20 4:00 Air 13 17:40 0.5 J
1.0, 1.0, 0.0,
0.000, 0.00,
1.867, 140.00,
20.000, 140.00,
24.000, 20.00,
37.000, 20.00,
37.667, 0.00,
-9999.0,
140 25 3:40 Air 3 24 31:20 1 L
1.0, 1.0, 0.0,
0.000, 0.00,
1.867, 140.00,
25.000, 140.00,
28.667, 30.00,
31.667, 30.00,
32.000, 20.00,
55.667, 20.00,
56.333, 0.00,
-9999.0,
140 30 3:40 Air 7 37 48:20 1 N
1.0, 1.0, 0.0,
0.000, 0.00,
1.867, 140.00,
30.000, 140.00,
33.667, 30.00,
40.667, 30.00,
41.000, 20.00,
77.667, 20.00,
78.333, 0.00,
-9999.0,
140 35 3:20 Air 2 7 58 71:00 1.5 O
1.0, 1.0, 0.0,
0.000, 0.00,
1.867, 140.00,
35.000, 140.00,
38.333, 40.00,
40.333, 40.00,
40.667, 30.00,
47.333, 30.00,
47.667, 20.00,
105.333, 20.00,
106.000, 0.00,
-9999.0,
140 40 3:20 Air 4 7 82 97:00 1.5 Z
1.0, 1.0, 0.0,
0.000, 0.00,
1.867, 140.00,
40.000, 140.00,
43.333, 40.00,
47.333, 40.00,
47.667, 30.00,
54.333, 30.00,
54.667, 20.00,
136.333, 20.00,
137.000, 0.00,
-9999.0,
140 45 3:20 Air 5 18 114 141:00 2 Z
1.0, 1.0, 0.0,
0.000, 0.00,
1.867, 140.00,
45.000, 140.00,
48.333, 40.00,
53.333, 40.00,
53.667, 30.00,
71.333, 30.00,
71.667, 20.00,
185.333, 20.00,
186.000, 0.00,
-9999.0,
140 50 3:20 Air 8 27 145 184:00 2 Z
1.0, 1.0, 0.0,
0.000, 0.00,
1.867, 140.00,
50.000, 140.00,
53.333, 40.00,
61.333, 40.00,
61.667, 30.00,
88.333, 30.00,
88.667, 20.00,
233.333, 20.00,
234.000, 0.00,
-9999.0,
140 55 3:00 Air 1 15 29 171 219:40 2.5 Z
1.0, 1.0, 0.0,
0.000, 0.00,
1.867, 140.00,
55.000, 140.00,
58.000, 50.00,
59.000, 50.00,
59.333, 40.00,
74.000, 40.00,
74.333, 30.00,
103.000, 30.00,
103.333, 20.00,
274.000, 20.00,
274.667, 0.00,
-9999.0,
140 60 3:00 Air 2 23 28 209 265:40 3
1.0, 1.0, 0.0,
0.000, 0.00,
1.867, 140.00,
60.000, 140.00,
63.000, 50.00,
65.000, 50.00,
65.333, 40.00,
88.000, 40.00,
88.333, 30.00,
116.000, 30.00,
116.333, 20.00,
325.000, 20.00,
325.667, 0.00,
-9999.0,
140 70 3:00 Air 14 25 29 276 347:40 3.5
1.0, 1.0, 0.0,
0.000, 0.00,
1.867, 140.00,
70.000, 140.00,
73.000, 50.00,
87.000, 50.00,
87.333, 40.00,
112.000, 40.00,
112.333, 30.00,
141.000, 30.00,
141.333, 20.00,
417.000, 20.00,
417.667, 0.00,
-9999.0,
140 80 2:40 Air 2 24 25 29 362 445:20 4
1.0, 1.0, 0.0,
0.000, 0.00,
1.867, 140.00,
80.000, 140.00,
82.667, 60.00,
84.667, 60.00,
85.000, 50.00,
108.667, 50.00,
109.000, 40.00,
133.667, 40.00,
134.000, 30.00,
162.667, 30.00,
163.000, 20.00,
524.667, 20.00,
525.333, 0.00,
-9999.0,
140 90 2:40 Air 12 23 26 38 443 545:20 5
1.0, 1.0, 0.0,
0.000, 0.00,
1.867, 140.00,
90.000, 140.00,
92.667, 60.00,
104.667, 60.00,
105.000, 50.00,
127.667, 50.00,
128.000, 40.00,
153.667, 40.00,
154.000, 30.00,
191.667, 30.00,
192.000, 20.00,
634.667, 20.00,
635.333, 0.00,
-9999.0,
150 8 5:00  Air 0 5:00 0 E
1.0, 1.0, 0.0,
0.000, 0.00,
2.000, 150.00,
8.000, 150.00,
13.000, 0.00,
-9999.0,
150 10 4:20 Air 2 7:00 0.5 F
1.0, 1.0, 0.0,
0.000, 0.00,
2.000, 150.00,
10.000, 150.00,
14.333, 20.00,
16.333, 20.00,
17.000, 0.00,
-9999.0,
150 15 4:20 Air 8 13:00 0.5 H
1.0, 1.0, 0.0,
0.000, 0.00,
2.000, 150.00,
15.000, 150.00,
19.333, 20.00,
27.333, 20.00,
28.000, 0.00,
-9999.0,
150 20 4:00 Air 2 15 21:40 0.5 K
1.0, 1.0, 0.0,
0.000, 0.00,
2.000, 150.00,
20.000, 150.00,
24.000, 30.00,
26.000, 30.00,
26.333, 20.00,
41.000, 20.00,
41.667, 0.00,
-9999.0,
150 25 4:00 Air 7 29 40:40 1 M
1.0, 1.0, 0.0,
0.000, 0.00,
2.000, 150.00,
25.000, 150.00,
29.000, 30.00,
36.000, 30.00,
36.333, 20.00,
65.000, 20.00,
65.667, 0.00,
-9999.0,
150 30 3:40 Air 4 7 45 60:20 1.5 O
1.0, 1.0, 0.0,
0.000, 0.00,
2.000, 150.00,
30.000, 150.00,
33.667, 40.00,
37.667, 40.00,
38.000, 30.00,
44.667, 30.00,
45.000, 20.00,
89.667, 20.00,
90.333, 0.00,
-9999.0,
150 35 3:40 Air 6 7 74 91:20 1.5 Z
1.0, 1.0, 0.0,
0.000, 0.00,
2.000, 150.00,
35.000, 150.00,
38.667, 40.00,
44.667, 40.00,
45.000, 30.00,
51.667, 30.00,
52.000, 20.00,
125.667, 20.00,
126.333, 0.00,
-9999.0,
150 40 3:20 Air 2 6 14 106 132:00 2 Z
1.0, 1.0, 0.0,
0.000, 0.00,
2.000, 150.00,
40.000, 150.00,
43.333, 50.00,
45.333, 50.00,
45.667, 40.00,
51.333, 40.00,
51.667, 30.00,
65.333, 30.00,
65.667, 20.00,
171.333, 20.00,
172.000, 0.00,
-9999.0,
150 45 3:20 Air 3 8 24 142 181:00 2 Z
1.0, 1.0, 0.0,
0.000, 0.00,
2.000, 150.00,
45.000, 150.00,
48.333, 50.00,
51.333, 50.00,
51.667, 40.00,
59.333, 40.00,
59.667, 30.00,
83.333, 30.00,
83.667, 20.00,
225.333, 20.00,
226.000, 0.00,
-9999.0,
150 50 3:20 Air 4 14 28 170 220:00 2.5 Z
1.0, 1.0, 0.0,
0.000, 0.00,
2.000, 150.00,
50.000, 150.00,
53.333, 50.00,
57.333, 50.00,
57.667, 40.00,
71.333, 40.00,
71.667, 30.00,
99.333, 30.00,
99.667, 20.00,
269.333, 20.00,
270.000, 0.00,
-9999.0,
150 55 3:20 Air 7 21 28 212 272:00 3
1.0, 1.0, 0.0,
0.000, 0.00,
2.000, 150.00,
55.000, 150.00,
58.333, 50.00,
65.333, 50.00,
65.667, 40.00,
86.333, 40.00,
86.667, 30.00,
114.333, 30.00,
114.667, 20.00,
326.333, 20.00,
327.000, 0.00,
-9999.0,
150 60 3:20 Air 11 26 28 248 317:00 3
1.0, 1.0, 0.0,
0.000, 0.00,
2.000, 150.00,
60.000, 150.00,
63.333, 50.00,
74.333, 50.00,
74.667, 40.00,
100.333, 40.00,
100.667, 30.00,
128.333, 30.00,
128.667, 20.00,
376.333, 20.00,
377.000, 0.00,
-9999.0,
150 70 3:00 Air 3 24 25 28 330 413:40 4
1.0, 1.0, 0.0,
0.000, 0.00,
2.000, 150.00,
70.000, 150.00,
73.000, 60.00,
76.000, 60.00,
76.333, 50.00,
100.000, 50.00,
100.333, 40.00,
125.000, 40.00,
125.333, 30.00,
153.000, 30.00,
153.333, 20.00,
483.000, 20.00,
483.667, 0.00,
-9999.0,
150 80 3:00 Air 15 23 26 35 430 532:40 4.5
1.0, 1.0, 0.0,
0.000, 0.00,
2.000, 150.00,
80.000, 150.00,
83.000, 60.00,
98.000, 60.00,
98.333, 50.00,
121.000, 50.00,
121.333, 40.00,
147.000, 40.00,
147.333, 30.00,
182.000, 30.00,
182.333, 20.00,
612.000, 20.00,
612.667, 0.00,
-9999.0,
150 90 2:40 Air 3 22 23 26 47 496 620:20 5.5
1.0, 1.0, 0.0,
0.000, 0.00,
2.000, 150.00,
90.000, 150.00,
92.667, 70.00,
95.667, 70.00,
96.000, 60.00,
117.667, 60.00,
118.000, 50.00,
140.667, 50.00,
141.000, 40.00,
166.667, 40.00,
167.000, 30.00,
213.667, 30.00,
214.000, 20.00,
709.667, 20.00,
710.333, 0.00,
-9999.0,
150 120 2:20 Air 3 20 22 23 50 75 608 804:00 8
1.0, 1.0, 0.0,
0.000, 0.00,
2.000, 150.00,
120.000, 150.00,
122.333, 80.00,
125.333, 80.00,
125.667, 70.00,
145.333, 70.00,
145.667, 60.00,
167.333, 60.00,
167.667, 50.00,
190.333, 50.00,
190.667, 40.00,
240.333, 40.00,
240.667, 30.00,
315.333, 30.00,
315.667, 20.00,
923.333, 20.00,
924.000, 0.00,
-9999.0,
150 180 2:00 Air 2 19 20 42 48 79 121 694 1027:40 10.5
1.0, 1.0, 0.0,
0.000, 0.00,
2.000, 150.00,
180.000, 150.00,
182.000, 90.00,
184.000, 90.00,
184.333, 80.00,
203.000, 80.00,
203.333, 70.00,
223.000, 70.00,
223.333, 60.00,
265.000, 60.00,
265.333, 50.00,
313.000, 50.00,
313.333, 40.00,
392.000, 40.00,
392.333, 30.00,
513.000, 30.00,
513.333, 20.00,
1207.000, 20.00,
1207.667, 0.00,
-9999.0,
160 7 5:20 Air 0 5:20 0 E
1.0, 1.0, 0.0,
0.000, 0.00,
2.133, 160.00,
7.000, 160.00,
12.333, 0.00,
-9999.0,
160 10 4:40 Air 4 9:20 0.5 F
1.0, 1.0, 0.0,
0.000, 0.00,
2.133, 160.00,
10.000, 160.00,
14.667, 20.00,
18.667, 20.00,
19.333, 0.00,
-9999.0,
160 15 4:20 Air 2 10 17:00 0.5 I
1.0, 1.0, 0.0,
0.000, 0.00,
2.133, 160.00,
15.000, 160.00,
19.333, 30.00,
21.333, 30.00,
21.667, 20.00,
31.333, 20.00,
32.000, 0.00,
-9999.0,
160 20 4:00 Air 1 4 19 28:40 0.5 L
1.0, 1.0, 0.0,
0.000, 0.00,
2.133, 160.00,
20.000, 160.00,
24.000, 40.00,
25.000, 40.00,
25.333, 30.00,
29.000, 30.00,
29.333, 20.00,
48.000, 20.00,
48.667, 0.00,
-9999.0,
160 25 4:00 Air 4 7 35 50:40 1 N
1.0, 1.0, 0.0,
0.000, 0.00,
2.133, 160.00,
25.000, 160.00,
29.000, 40.00,
33.000, 40.00,
33.333, 30.00,
40.000, 30.00,
40.333, 20.00,
75.000, 20.00,
75.667, 0.00,
-9999.0,
160 30 3:40 Air 2 6 7 62 81:20 1.5 Z
1.0, 1.0, 0.0,
0.000, 0.00,
2.133, 160.00,
30.000, 160.00,
33.667, 50.00,
35.667, 50.00,
36.000, 40.00,
41.667, 40.00,
42.000, 30.00,
48.667, 30.00,
49.000, 20.00,
110.667, 20.00,
111.333, 0.00,
-9999.0,
160 35 3:40 Air 4 6 8 89 111:20 1.5 Z
1.0, 1.0, 0.0,
0.000, 0.00,
2.133, 160.00,
35.000, 160.00,
38.667, 50.00,
42.667, 50.00,
43.000, 40.00,
48.667, 40.00,
49.000, 30.00,
56.667, 30.00,
57.000, 20.00,
145.667, 20.00,
146.333, 0.00,
-9999.0,
160 40 3:40 Air 6 6 21 134 171:20 2 Z
1.0, 1.0, 0.0,
0.000, 0.00,
2.133, 160.00,
40.000, 160.00,
43.667, 50.00,
49.667, 50.00,
50.000, 40.00,
55.667, 40.00,
56.000, 30.00,
76.667, 30.00,
77.000, 20.00,
210.667, 20.00,
211.333, 0.00,
-9999.0,
160 45 3:20 Air 2 5 11 28 166 216:00 2.5 Z
1.0, 1.0, 0.0,
0.000, 0.00,
2.133, 160.00,
45.000, 160.00,
48.333, 60.00,
50.333, 60.00,
50.667, 50.00,
55.333, 50.00,
55.667, 40.00,
66.333, 40.00,
66.667, 30.00,
94.333, 30.00,
94.667, 20.00,
260.333, 20.00,
261.000, 0.00,
-9999.0,
160 50 3:20 Air 2 8 19 28 207 268:00 3
1.0, 1.0, 0.0,
0.000, 0.00,
2.133, 160.00,
50.000, 160.00,
53.333, 60.00,
55.333, 60.00,
55.667, 50.00,
63.333, 50.00,
63.667, 40.00,
82.333, 40.00,
82.667, 30.00,
110.333, 30.00,
110.667, 20.00,
317.333, 20.00,
318.000, 0.00,
-9999.0,
160 55 3:20 Air 3 11 26 28 248 320:00 3
1.0, 1.0, 0.0,
0.000, 0.00,
2.133, 160.00,
55.000, 160.00,
58.333, 60.00,
61.333, 60.00,
61.667, 50.00,
72.333, 50.00,
72.667, 40.00,
98.333, 40.00,
98.667, 30.00,
126.333, 30.00,
126.667, 20.00,
374.333, 20.00,
375.000, 0.00,
-9999.0,
160 60 3:20 Air 6 17 25 29 291 372:00 3.5
1.0, 1.0, 0.0,
0.000, 0.00,
2.133, 160.00,
60.000, 160.00,
63.333, 60.00,
69.333, 60.00,
69.667, 50.00,
86.333, 50.00,
86.667, 40.00,
111.333, 40.00,
111.667, 30.00,
140.333, 30.00,
140.667, 20.00,
431.333, 20.00,
432.000, 0.00,
-9999.0,
160 70 3:20 Air 15 23 26 29 399 496:00 4.5
1.0, 1.0, 0.0,
0.000, 0.00,
2.133, 160.00,
70.000, 160.00,
73.333, 60.00,
88.333, 60.00,
88.667, 50.00,
111.333, 50.00,
111.667, 40.00,
137.333, 40.00,
137.667, 30.00,
166.333, 30.00,
166.667, 20.00,
565.333, 20.00,
566.000, 0.00,
-9999.0,
160 80 3:00 Air 6 21 24 25 44 482 605:40 5.5
1.0, 1.0, 0.0,
0.000, 0.00,
2.133, 160.00,
80.000, 160.00,
83.000, 70.00,
89.000, 70.00,
89.333, 60.00,
110.000, 60.00,
110.333, 50.00,
134.000, 50.00,
134.333, 40.00,
159.000, 40.00,
159.333, 30.00,
203.000, 30.00,
203.333, 20.00,
685.000, 20.00,
685.667, 0.00,
-9999.0,
170 6 5:40 Air 0 5:40 0 D
1.0, 1.0, 0.0,
0.000, 0.00,
2.267, 170.00,
6.000, 170.00,
11.667, 0.00,
-9999.0,
170 10 5:00 Air 6 11:40 0.5 G
1.0, 1.0, 0.0,
0.000, 0.00,
2.267, 170.00,
10.000, 170.00,
15.000, 20.00,
21.000, 20.00,
21.667, 0.00,
-9999.0,
170 15 4:40 Air 3 13 21:20 0.5 J
1.0, 1.0, 0.0,
0.000, 0.00,
2.267, 170.00,
15.000, 170.00,
19.667, 30.00,
22.667, 30.00,
23.000, 20.00,
35.667, 20.00,
36.333, 0.00,
-9999.0,
170 20 4:20 Air 3 6 24 38:00 1 M
1.0, 1.0, 0.0,
0.000, 0.00,
2.267, 170.00,
20.000, 170.00,
24.333, 40.00,
27.333, 40.00,
27.667, 30.00,
33.333, 30.00,
33.667, 20.00,
57.333, 20.00,
58.000, 0.00,
-9999.0,
170 25 4:00 Air 1 7 7 41 60:40 1 O
1.0, 1.0, 0.0,
0.000, 0.00,
2.267, 170.00,
25.000, 170.00,
29.000, 50.00,
30.000, 50.00,
30.333, 40.00,
37.000, 40.00,
37.333, 30.00,
44.000, 30.00,
44.333, 20.00,
85.000, 20.00,
85.667, 0.00,
-9999.0,
170 30 4:00 Air 5 7 7 77 100:40 1.5 Z
1.0, 1.0, 0.0,
0.000, 0.00,
2.267, 170.00,
30.000, 170.00,
34.000, 50.00,
39.000, 50.00,
39.333, 40.00,
46.000, 40.00,
46.333, 30.00,
53.000, 30.00,
53.333, 20.00,
130.000, 20.00,
130.667, 0.00,
-9999.0,
170 35 3:40 Air 2 6 6 15 120 153:20 2 Z
1.0, 1.0, 0.0,
0.000, 0.00,
2.267, 170.00,
35.000, 170.00,
38.667, 60.00,
40.667, 60.00,
41.000, 50.00,
46.667, 50.00,
47.000, 40.00,
52.667, 40.00,
53.000, 30.00,
67.667, 30.00,
68.000, 20.00,
187.667, 20.00,
188.333, 0.00,
-9999.0,
170 40 3:40 Air 4 6 9 25 158 206:20 2.5 Z
1.0, 1.0, 0.0,
0.000, 0.00,
2.267, 170.00,
40.000, 170.00,
43.667, 60.00,
47.667, 60.00,
48.000, 50.00,
53.667, 50.00,
54.000, 40.00,
62.667, 40.00,
63.000, 30.00,
87.667, 30.00,
88.000, 20.00,
245.667, 20.00,
246.333, 0.00,
-9999.0,
170 45 3:40 Air 5 7 16 28 197 257:20 2.5 Z
1.0, 1.0, 0.0,
0.000, 0.00,
2.267, 170.00,
45.000, 170.00,
48.667, 60.00,
53.667, 60.00,
54.000, 50.00,
60.667, 50.00,
61.000, 40.00,
76.667, 40.00,
77.000, 30.00,
104.667, 30.00,
105.000, 20.00,
301.667, 20.00,
302.333, 0.00,
-9999.0,
170 50 3:20 Air 1 5 11 23 28 244 316:00 3
1.0, 1.0, 0.0,
0.000, 0.00,
2.267, 170.00,
50.000, 170.00,
53.333, 70.00,
54.333, 70.00,
54.667, 60.00,
59.333, 60.00,
59.667, 50.00,
70.333, 50.00,
70.667, 40.00,
93.333, 40.00,
93.667, 30.00,
121.333, 30.00,
121.667, 20.00,
365.333, 20.00,
366.000, 0.00,
-9999.0,
170 55 3:20 Air 2 7 16 26 28 289 372:00 3.5
1.0, 1.0, 0.0,
0.000, 0.00,
2.267, 170.00,
55.000, 170.00,
58.333, 70.00,
60.333, 70.00,
60.667, 60.00,
67.333, 60.00,
67.667, 50.00,
83.333, 50.00,
83.667, 40.00,
109.333, 40.00,
109.667, 30.00,
137.333, 30.00,
137.667, 20.00,
426.333, 20.00,
427.000, 0.00,
-9999.0,
170 60 3:20 Air 2 11 21 26 28 344 436:00 4
1.0, 1.0, 0.0,
0.000, 0.00,
2.267, 170.00,
60.000, 170.00,
63.333, 70.00,
65.333, 70.00,
65.667, 60.00,
76.333, 60.00,
76.667, 50.00,
97.333, 50.00,
97.667, 40.00,
123.333, 40.00,
123.667, 30.00,
151.333, 30.00,
151.667, 20.00,
495.333, 20.00,
496.000, 0.00,
-9999.0,
170 70 3:20 Air 7 19 24 25 39 454 572:00 5
1.0, 1.0, 0.0,
0.000, 0.00,
2.267, 170.00,
70.000, 170.00,
73.333, 70.00,
80.333, 70.00,
80.667, 60.00,
99.333, 60.00,
99.667, 50.00,
123.333, 50.00,
123.667, 40.00,
148.333, 40.00,
148.667, 30.00,
187.333, 30.00,
187.667, 20.00,
641.333, 20.00,
642.000, 0.00,
-9999.0,
170 80 3:20 Air 17 22 23 26 53 525 670:00 6
1.0, 1.0, 0.0,
0.000, 0.00,
2.267, 170.00,
80.000, 170.00,
83.333, 70.00,
100.333, 70.00,
100.667, 60.00,
122.333, 60.00,
122.667, 50.00,
145.333, 50.00,
145.667, 40.00,
171.333, 40.00,
171.667, 30.00,
224.333, 30.00,
224.667, 20.00,
749.333, 20.00,
750.000, 0.00,
-9999.0,
170 90 3:00 Air 8 19 22 23 37 66 574 752:40 7
1.0, 1.0, 0.0,
0.000, 0.00,
2.267, 170.00,
90.000, 170.00,
93.000, 80.00,
101.000, 80.00,
101.333, 70.00,
120.000, 70.00,
120.333, 60.00,
142.000, 60.00,
142.333, 50.00,
165.000, 50.00,
165.333, 40.00,
202.000, 40.00,
202.333, 30.00,
268.000, 30.00,
268.333, 20.00,
842.000, 20.00,
842.667, 0.00,
-9999.0,
170 120 2:40 Air 9 19 20 22 42 60 94 659 928:20 9
1.0, 1.0, 0.0,
0.000, 0.00,
2.267, 170.00,
120.000, 170.00,
122.667, 90.00,
131.667, 90.00,
132.000, 80.00,
150.667, 80.00,
151.000, 70.00,
170.667, 70.00,
171.000, 60.00,
192.667, 60.00,
193.000, 50.00,
234.667, 50.00,
235.000, 40.00,
294.667, 40.00,
295.000, 30.00,
388.667, 30.00,
389.000, 20.00,
1047.667, 20.00,
1048.333, 0.00,
-9999.0,
170 180 2:20 Air 10 18 19 40 43 70 97 156 703 1159:00 11.5
1.0, 1.0, 0.0,
0.000, 0.00,
2.267, 170.00,
180.000, 170.00,
182.333, 100.00,
192.333, 100.00,
192.667, 90.00,
210.333, 90.00,
210.667, 80.00,
229.333, 80.00,
229.667, 70.00,
269.333, 70.00,
269.667, 60.00,
312.333, 60.00,
312.667, 50.00,
382.333, 50.00,
382.667, 40.00,
479.333, 40.00,
479.667, 30.00,
635.333, 30.00,
635.667, 20.00,
1338.333, 20.00,
1339.000, 0.00,
-9999.0,
180 6 6:00 Air 0 6:00 0 E
1.0, 1.0, 0.0,
0.000, 0.00,
2.400, 180.00,
6.000, 180.00,
12.000, 0.00,
-9999.0,
180 10 5:20 Air 8 14:00 0.5 G
1.0, 1.0, 0.0,
0.000, 0.00,
2.400, 180.00,
10.000, 180.00,
15.333, 20.00,
23.333, 20.00,
24.000, 0.00,
-9999.0,
180 15 4:40 Air 2 3 14 24:20 0.5 K
1.0, 1.0, 0.0,
0.000, 0.00,
2.400, 180.00,
15.000, 180.00,
19.667, 40.00,
21.667, 40.00,
22.000, 30.00,
24.667, 30.00,
25.000, 20.00,
38.667, 20.00,
39.333, 0.00,
-9999.0,
180 20 4:20 Air 1 5 7 29 47:00 1 M
1.0, 1.0, 0.0,
0.000, 0.00,
2.400, 180.00,
20.000, 180.00,
24.333, 50.00,
25.333, 50.00,
25.667, 40.00,
30.333, 40.00,
30.667, 30.00,
37.333, 30.00,
37.667, 20.00,
66.333, 20.00,
67.000, 0.00,
-9999.0,
180 25 4:20 Air 5 6 7 57 80:00 1.5 O
1.0, 1.0, 0.0,
0.000, 0.00,
2.400, 180.00,
25.000, 180.00,
29.333, 50.00,
34.333, 50.00,
34.667, 40.00,
40.333, 40.00,
40.667, 30.00,
47.333, 30.00,
47.667, 20.00,
104.333, 20.00,
105.000, 0.00,
-9999.0,
180 30 4:00 Air 3 6 6 7 95 121:40 1.5 Z
1.0, 1.0, 0.0,
0.000, 0.00,
2.400, 180.00,
30.000, 180.00,
34.000, 60.00,
37.000, 60.00,
37.333, 50.00,
43.000, 50.00,
43.333, 40.00,
49.000, 40.00,
49.333, 30.00,
56.000, 30.00,
56.333, 20.00,
151.000, 20.00,
151.667, 0.00,
-9999.0,
180 35 3:40 Air 1 5 6 6 22 144 188:20 2 Z
1.0, 1.0, 0.0,
0.000, 0.00,
2.400, 180.00,
35.000, 180.00,
38.667, 70.00,
39.667, 70.00,
40.000, 60.00,
44.667, 60.00,
45.000, 50.00,
50.667, 50.00,
51.000, 40.00,
56.667, 40.00,
57.000, 30.00,
78.667, 30.00,
79.000, 20.00,
222.667, 20.00,
223.333, 0.00,
-9999.0,
180 40 3:40 Air 2 6 5 13 28 178 236:20 2.5
1.0, 1.0, 0.0,
0.000, 0.00,
2.400, 180.00,
40.000, 180.00,
43.667, 70.00,
45.667, 70.00,
46.000, 60.00,
51.667, 60.00,
52.000, 50.00,
56.667, 50.00,
57.000, 40.00,
69.667, 40.00,
70.000, 30.00,
97.667, 30.00,
98.000, 20.00,
275.667, 20.00,
276.333, 0.00,
-9999.0,
180 45 3:40 Air 4 5 10 20 28 235 306:20 3
1.0, 1.0, 0.0,
0.000, 0.00,
2.400, 180.00,
45.000, 180.00,
48.667, 70.00,
52.667, 70.00,
53.000, 60.00,
57.667, 60.00,
58.000, 50.00,
67.667, 50.00,
68.000, 40.00,
87.667, 40.00,
88.000, 30.00,
115.667, 30.00,
116.000, 20.00,
350.667, 20.00,
351.333, 0.00,
-9999.0,
180 50 3:40 Air 4 8 13 25 29 277 360:20 3.5
1.0, 1.0, 0.0,
0.000, 0.00,
2.400, 180.00,
50.000, 180.00,
53.667, 70.00,
57.667, 70.00,
58.000, 60.00,
65.667, 60.00,
66.000, 50.00,
78.667, 50.00,
79.000, 40.00,
103.667, 40.00,
104.000, 30.00,
132.667, 30.00,
133.000, 20.00,
409.667, 20.00,
410.333, 0.00,
-9999.0,
180 55 3:40 Air 5 11 19 26 28 336 429:20 4
1.0, 1.0, 0.0,
0.000, 0.00,
2.400, 180.00,
55.000, 180.00,
58.667, 70.00,
63.667, 70.00,
64.000, 60.00,
74.667, 60.00,
75.000, 50.00,
93.667, 50.00,
94.000, 40.00,
119.667, 40.00,
120.000, 30.00,
147.667, 30.00,
148.000, 20.00,
483.667, 20.00,
484.333, 0.00,
-9999.0,
180 60 3:20 Air 1 8 13 23 25 31 406 511:00 4.5
1.0, 1.0, 0.0,
0.000, 0.00,
2.400, 180.00,
60.000, 180.00,
63.333, 80.00,
64.333, 80.00,
64.667, 70.00,
72.333, 70.00,
72.667, 60.00,
85.333, 60.00,
85.667, 50.00,
108.333, 50.00,
108.667, 40.00,
133.333, 40.00,
133.667, 30.00,
164.333, 30.00,
164.667, 20.00,
570.333, 20.00,
571.000, 0.00,
-9999.0,
180 70 3:20 Air 4 12 21 24 25 48 499 637:00 5.5
1.0, 1.0, 0.0,
0.000, 0.00,
2.400, 180.00,
70.000, 180.00,
73.333, 80.00,
77.333, 80.00,
77.667, 70.00,
89.333, 70.00,
89.667, 60.00,
110.333, 60.00,
110.667, 50.00,
134.333, 50.00,
134.667, 40.00,
159.333, 40.00,
159.667, 30.00,
207.333, 30.00,
207.667, 20.00,
706.333, 20.00,
707.000, 0.00,
-9999.0,
190 5 6:20 Air 0 6:20 0 D
1.0, 1.0, 0.0,
0.000, 0.00,
2.533, 190.00,
5.000, 190.00,
11.333, 0.00,
-9999.0,
190 10 5:20 Air 2 8 16:00 0.5 H
1.0, 1.0, 0.0,
0.000, 0.00,
2.533, 190.00,
10.000, 190.00,
15.333, 30.00,
17.333, 30.00,
17.667, 20.00,
25.333, 20.00,
26.000, 0.00,
-9999.0,
190 15 4:40 Air 1 3 3 16 28:20 0.5 K
1.0, 1.0, 0.0,
0.000, 0.00,
2.533, 190.00,
15.000, 190.00,
19.667, 50.00,
20.667, 50.00,
21.000, 40.00,
23.667, 40.00,
24.000, 30.00,
26.667, 30.00,
27.000, 20.00,
42.667, 20.00,
43.333, 0.00,
-9999.0,
190 20 4:20 Air 1 2 6 7 34 55:00 1 N
1.0, 1.0, 0.0,
0.000, 0.00,
2.533, 190.00,
20.000, 190.00,
24.333, 60.00,
25.333, 60.00,
25.667, 50.00,
27.333, 50.00,
27.667, 40.00,
33.333, 40.00,
33.667, 30.00,
40.333, 30.00,
40.667, 20.00,
74.333, 20.00,
75.000, 0.00,
-9999.0,
190 25 4:20 Air 2 6 7 7 72 99:00 1.5 Z
1.0, 1.0, 0.0,
0.000, 0.00,
2.533, 190.00,
25.000, 190.00,
29.333, 60.00,
31.333, 60.00,
31.667, 50.00,
37.333, 50.00,
37.667, 40.00,
44.333, 40.00,
44.667, 30.00,
51.333, 30.00,
51.667, 20.00,
123.333, 20.00,
124.000, 0.00,
-9999.0,
190 30 4:00 Air 1 6 5 7 13 122 158:40 2 Z
1.0, 1.0, 0.0,
0.000, 0.00,
2.533, 190.00,
30.000, 190.00,
34.000, 70.00,
35.000, 70.00,
35.333, 60.00,
41.000, 60.00,
41.333, 50.00,
46.000, 50.00,
46.333, 40.00,
53.000, 40.00,
53.333, 30.00,
66.000, 30.00,
66.333, 20.00,
188.000, 20.00,
188.667, 0.00,
-9999.0,
190 35 4:00 Air 4 5 6 8 26 165 218:40 2.5 Z
1.0, 1.0, 0.0,
0.000, 0.00,
2.533, 190.00,
35.000, 190.00,
39.000, 70.00,
43.000, 70.00,
43.333, 60.00,
48.000, 60.00,
48.333, 50.00,
54.000, 50.00,
54.333, 40.00,
62.000, 40.00,
62.333, 30.00,
88.000, 30.00,
88.333, 20.00,
253.000, 20.00,
253.667, 0.00,
-9999.0,
190 40 3:40 Air 1 5 5 8 17 28 217 285:20 3
1.0, 1.0, 0.0,
0.000, 0.00,
2.533, 190.00,
40.000, 190.00,
43.667, 80.00,
44.667, 80.00,
45.000, 70.00,
49.667, 70.00,
50.000, 60.00,
54.667, 60.00,
55.000, 50.00,
62.667, 50.00,
63.000, 40.00,
79.667, 40.00,
80.000, 30.00,
107.667, 30.00,
108.000, 20.00,
324.667, 20.00,
325.333, 0.00,
-9999.0,
190 45 3:40 Air 2 5 6 12 24 29 264 346:20 3.5
1.0, 1.0, 0.0,
0.000, 0.00,
2.533, 190.00,
45.000, 190.00,
48.667, 80.00,
50.667, 80.00,
51.000, 70.00,
55.667, 70.00,
56.000, 60.00,
61.667, 60.00,
62.000, 50.00,
73.667, 50.00,
74.000, 40.00,
97.667, 40.00,
98.000, 30.00,
126.667, 30.00,
127.000, 20.00,
390.667, 20.00,
391.333, 0.00,
-9999.0,
190 50 3:40 Air 3 5 10 17 26 28 324 417:20 4
1.0, 1.0, 0.0,
0.000, 0.00,
2.533, 190.00,
50.000, 190.00,
53.667, 80.00,
56.667, 80.00,
57.000, 70.00,
61.667, 70.00,
62.000, 60.00,
71.667, 60.00,
72.000, 50.00,
88.667, 50.00,
89.000, 40.00,
114.667, 40.00,
115.000, 30.00,
142.667, 30.00,
143.000, 20.00,
466.667, 20.00,
467.333, 0.00,
-9999.0,
190 55 3:40 Air 4 8 10 24 25 30 397 502:20 4.5
1.0, 1.0, 0.0,
0.000, 0.00,
2.533, 190.00,
55.000, 190.00,
58.667, 80.00,
62.667, 80.00,
63.000, 70.00,
70.667, 70.00,
71.000, 60.00,
80.667, 60.00,
81.000, 50.00,
104.667, 50.00,
105.000, 40.00,
129.667, 40.00,
130.000, 30.00,
159.667, 30.00,
160.000, 20.00,
556.667, 20.00,
557.333, 0.00,
-9999.0,
190 60 3:40 Air 5 10 16 24 25 40 454 578:20 5
1.0, 1.0, 0.0,
0.000, 0.00,
2.533, 190.00,
60.000, 190.00,
63.667, 80.00,
68.667, 80.00,
69.000, 70.00,
78.667, 70.00,
79.000, 60.00,
94.667, 60.00,
95.000, 50.00,
118.667, 50.00,
119.000, 40.00,
143.667, 40.00,
144.000, 30.00,
183.667, 30.00,
184.000, 20.00,
637.667, 20.00,
638.333, 0.00,
-9999.0,
190 90 3:20 Air 11 19 20 21 28 51 83 626 863:00 8.5
1.0, 1.0, 0.0,
0.000, 0.00,
2.533, 190.00,
90.000, 190.00,
93.333, 90.00,
104.333, 90.00,
104.667, 80.00,
123.333, 80.00,
123.667, 70.00,
143.333, 70.00,
143.667, 60.00,
164.333, 60.00,
164.667, 50.00,
192.333, 50.00,
192.667, 40.00,
243.333, 40.00,
243.667, 30.00,
326.333, 30.00,
326.667, 20.00,
952.333, 20.00,
953.000, 0.00,
-9999.0,
190 120 3:00 Air 15 17 19 20 37 46 79 113 691 1040:40 10.5
1.0, 1.0, 0.0,
0.000, 0.00,
2.533, 190.00,
120.000, 190.00,
123.000, 100.00,
138.000, 100.00,
138.333, 90.00,
155.000, 90.00,
155.333, 80.00,
174.000, 80.00,
174.333, 70.00,
194.000, 70.00,
194.333, 60.00,
231.000, 60.00,
231.333, 50.00,
277.000, 50.00,
277.333, 40.00,
356.000, 40.00,
356.333, 30.00,
469.000, 30.00,
469.333, 20.00,
1160.000, 20.00,
1160.667, 0.00,
-9999.0,
200 5 6:40 Air 0 6:40 0 E
1.0, 1.0, 0.0,
0.000, 0.00,
2.667, 200.00,
5.000, 200.00,
11.667, 0.00,
-9999.0,
200 10 5:40 Air 3 8 17:20 0.5 H
1.0, 1.0, 0.0,
0.000, 0.00,
2.667, 200.00,
10.000, 200.00,
15.667, 30.00,
18.667, 30.00,
19.000, 20.00,
26.667, 20.00,
27.333, 0.00,
-9999.0,
200 15 5:00 Air 2 3 5 19 34:40 0.5 L
1.0, 1.0, 0.0,
0.000, 0.00,
2.667, 200.00,
15.000, 200.00,
20.000, 50.00,
22.000, 50.00,
22.333, 40.00,
25.000, 40.00,
25.333, 30.00,
30.000, 30.00,
30.333, 20.00,
49.000, 20.00,
49.667, 0.00,
-9999.0,
200 20 4:40 Air 2 4 6 7 43 67:20 1 O
1.0, 1.0, 0.0,
0.000, 0.00,
2.667, 200.00,
20.000, 200.00,
24.667, 60.00,
26.667, 60.00,
27.000, 50.00,
30.667, 50.00,
31.000, 40.00,
36.667, 40.00,
37.000, 30.00,
43.667, 30.00,
44.000, 20.00,
86.667, 20.00,
87.333, 0.00,
-9999.0,
200 25 4:20 Air 1 5 6 6 7 85 115:00 1.5 Z
1.0, 1.0, 0.0,
0.000, 0.00,
2.667, 200.00,
25.000, 200.00,
29.333, 70.00,
30.333, 70.00,
30.667, 60.00,
35.333, 60.00,
35.667, 50.00,
41.333, 50.00,
41.667, 40.00,
47.333, 40.00,
47.667, 30.00,
54.333, 30.00,
54.667, 20.00,
139.333, 20.00,
140.000, 0.00,
-9999.0,
200 30 4:20 Air 4 6 5 7 19 145 191:00 2 Z
1.0, 1.0, 0.0,
0.000, 0.00,
2.667, 200.00,
30.000, 200.00,
34.333, 70.00,
38.333, 70.00,
38.667, 60.00,
44.333, 60.00,
44.667, 50.00,
49.333, 50.00,
49.667, 40.00,
56.333, 40.00,
56.667, 30.00,
75.333, 30.00,
75.667, 20.00,
220.333, 20.00,
221.000, 0.00,
-9999.0,
200 35 4:00 Air 2 5 5 6 13 28 188 251:40 2.5
1.0, 1.0, 0.0,
0.000, 0.00,
2.667, 200.00,
35.000, 200.00,
39.000, 80.00,
41.000, 80.00,
41.333, 70.00,
46.000, 70.00,
46.333, 60.00,
51.000, 60.00,
51.333, 50.00,
57.000, 50.00,
57.333, 40.00,
70.000, 40.00,
70.333, 30.00,
98.000, 30.00,
98.333, 20.00,
286.000, 20.00,
286.667, 0.00,
-9999.0,
200 40 4:00 Air 4 5 5 11 21 28 249 327:40 3.5
1.0, 1.0, 0.0,
0.000, 0.00,
2.667, 200.00,
40.000, 200.00,
44.000, 80.00,
48.000, 80.00,
48.333, 70.00,
53.000, 70.00,
53.333, 60.00,
58.000, 60.00,
58.333, 50.00,
69.000, 50.00,
69.333, 40.00,
90.000, 40.00,
90.333, 30.00,
118.000, 30.00,
118.333, 20.00,
367.000, 20.00,
367.667, 0.00,
-9999.0,
200 45 3:40 Air 1 4 5 10 14 25 28 306 397:20 3.5
1.0, 1.0, 0.0,
0.000, 0.00,
2.667, 200.00,
45.000, 200.00,
48.667, 90.00,
49.667, 90.00,
50.000, 80.00,
53.667, 80.00,
54.000, 70.00,
58.667, 70.00,
59.000, 60.00,
68.667, 60.00,
69.000, 50.00,
82.667, 50.00,
83.000, 40.00,
107.667, 40.00,
108.000, 30.00,
135.667, 30.00,
136.000, 20.00,
441.667, 20.00,
442.333, 0.00,
-9999.0,
200 50 3:40 Air 2 4 8 10 21 26 28 382 485:20 4.5
1.0, 1.0, 0.0,
0.000, 0.00,
2.667, 200.00,
50.000, 200.00,
53.667, 90.00,
55.667, 90.00,
56.000, 80.00,
59.667, 80.00,
60.000, 70.00,
67.667, 70.00,
68.000, 60.00,
77.667, 60.00,
78.000, 50.00,
98.667, 50.00,
99.000, 40.00,
124.667, 40.00,
125.000, 30.00,
152.667, 30.00,
153.000, 20.00,
534.667, 20.00,
535.333, 0.00,
-9999.0,
210 4 7:00 Air 0 7:00 0 D
1.0, 1.0, 0.0,
0.000, 0.00,
2.800, 210.00,
4.000, 210.00,
11.000, 0.00,
-9999.0,
210 5 6:20 Air 2 9:00 0.5 E
1.0, 1.0, 0.0,
0.000, 0.00,
2.800, 210.00,
5.000, 210.00,
11.333, 20.00,
13.333, 20.00,
14.000, 0.00,
-9999.0,
210 10 5:40 Air 2 3 9 20:20 0.5 I
1.0, 1.0, 0.0,
0.000, 0.00,
2.800, 210.00,
10.000, 210.00,
15.667, 40.00,
17.667, 40.00,
18.000, 30.00,
20.667, 30.00,
21.000, 20.00,
29.667, 20.00,
30.333, 0.00,
-9999.0,
210 15 5:00 Air 1 3 3 6 24 42:40 1 M
1.0, 1.0, 0.0,
0.000, 0.00,
2.800, 210.00,
15.000, 210.00,
20.000, 60.00,
21.000, 60.00,
21.333, 50.00,
24.000, 50.00,
24.333, 40.00,
27.000, 40.00,
27.333, 30.00,
33.000, 30.00,
33.333, 20.00,
57.000, 20.00,
57.667, 0.00,
-9999.0,
210 20 4:40 Air 1 3 5 6 7 57 84:20 1 O
1.0, 1.0, 0.0,
0.000, 0.00,
2.800, 210.00,
20.000, 210.00,
24.667, 70.00,
25.667, 70.00,
26.000, 60.00,
28.667, 60.00,
29.000, 50.00,
33.667, 50.00,
34.000, 40.00,
39.667, 40.00,
40.000, 30.00,
46.667, 30.00,
47.000, 20.00,
103.667, 20.00,
104.333, 0.00,
-9999.0,
210 25 4:40 Air 3 6 5 7 8 110 144:20 2 Z
1.0, 1.0, 0.0,
0.000, 0.00,
2.800, 210.00,
25.000, 210.00,
29.667, 70.00,
32.667, 70.00,
33.000, 60.00,
38.667, 60.00,
39.000, 50.00,
43.667, 50.00,
44.000, 40.00,
50.667, 40.00,
51.000, 30.00,
58.667, 30.00,
59.000, 20.00,
168.667, 20.00,
169.333, 0.00,
-9999.0,
210 30 4:20 Air 2 5 6 6 6 26 163 219:00 2.5 Z
1.0, 1.0, 0.0,
0.000, 0.00,
2.800, 210.00,
30.000, 210.00,
34.333, 80.00,
36.333, 80.00,
36.667, 70.00,
41.333, 70.00,
41.667, 60.00,
47.333, 60.00,
47.667, 50.00,
53.333, 50.00,
53.667, 40.00,
59.333, 40.00,
59.667, 30.00,
85.333, 30.00,
85.667, 20.00,
248.333, 20.00,
249.000, 0.00,
-9999.0,
210 35 4:00 Air 1 4 5 6 7 18 28 223 296:40 3
1.0, 1.0, 0.0,
0.000, 0.00,
2.800, 210.00,
35.000, 210.00,
39.000, 90.00,
40.000, 90.00,
40.333, 80.00,
44.000, 80.00,
44.333, 70.00,
49.000, 70.00,
49.333, 60.00,
55.000, 60.00,
55.333, 50.00,
62.000, 50.00,
62.333, 40.00,
80.000, 40.00,
80.333, 30.00,
108.000, 30.00,
108.333, 20.00,
331.000, 20.00,
331.667, 0.00,
-9999.0,
210 40 4:00 Air 2 5 5 7 11 26 28 278 366:40 3.5
1.0, 1.0, 0.0,
0.000, 0.00,
2.800, 210.00,
40.000, 210.00,
44.000, 90.00,
46.000, 90.00,
46.333, 80.00,
51.000, 80.00,
51.333, 70.00,
56.000, 70.00,
56.333, 60.00,
63.000, 60.00,
63.333, 50.00,
74.000, 50.00,
74.333, 40.00,
100.000, 40.00,
100.333, 30.00,
128.000, 30.00,
128.333, 20.00,
406.000, 20.00,
406.667, 0.00,
-9999.0,
210 45 4:00 Air 4 4 6 11 18 26 28 355 456:40 4
1.0, 1.0, 0.0,
0.000, 0.00,
2.800, 210.00,
45.000, 210.00,
49.000, 90.00,
53.000, 90.00,
53.333, 80.00,
57.000, 80.00,
57.333, 70.00,
63.000, 70.00,
63.333, 60.00,
74.000, 60.00,
74.333, 50.00,
92.000, 50.00,
92.333, 40.00,
118.000, 40.00,
118.333, 30.00,
146.000, 30.00,
146.333, 20.00,
501.000, 20.00,
501.667, 0.00,
-9999.0,
210 50 3:40 Air 1 4 5 10 12 23 26 36 432 553:20 5
1.0, 1.0, 0.0,
0.000, 0.00,
2.800, 210.00,
50.000, 210.00,
53.667, 100.00,
54.667, 100.00,
55.000, 90.00,
58.667, 90.00,
59.000, 80.00,
63.667, 80.00,
64.000, 70.00,
73.667, 70.00,
74.000, 60.00,
85.667, 60.00,
86.000, 50.00,
108.667, 50.00,
109.000, 40.00,
134.667, 40.00,
135.000, 30.00,
170.667, 30.00,
171.000, 20.00,
602.667, 20.00,
603.333, 0.00,
-9999.0,
220 4 7:20 Air 0 7:20 0 E
1.0, 1.0, 0.0,
0.000, 0.00,
2.933, 220.00,
4.000, 220.00,
11.333, 0.00,
-9999.0,
220 5 6:40 Air 3 10:20 0.5 E
1.0, 1.0, 0.0,
0.000, 0.00,
2.933, 220.00,
5.000, 220.00,
11.667, 20.00,
14.667, 20.00,
15.333, 0.00,
-9999.0,
220 10 6:00 Air 3 4 10 23:40 0.5 J
1.0, 1.0, 0.0,
0.000, 0.00,
2.933, 220.00,
10.000, 220.00,
16.000, 40.00,
19.000, 40.00,
19.333, 30.00,
23.000, 30.00,
23.333, 20.00,
33.000, 20.00,
33.667, 0.00,
-9999.0,
220 15 5:20 Air 3 2 4 7 28 50:00 1 N
1.0, 1.0, 0.0,
0.000, 0.00,
2.933, 220.00,
15.000, 220.00,
20.333, 60.00,
23.333, 60.00,
23.667, 50.00,
25.333, 50.00,
25.667, 40.00,
29.333, 40.00,
29.667, 30.00,
36.333, 30.00,
36.667, 20.00,
64.333, 20.00,
65.000, 0.00,
-9999.0,
220 20 5:00 Air 2 4 6 6 7 70 100:40 1.5 Z
1.0, 1.0, 0.0,
0.000, 0.00,
2.933, 220.00,
20.000, 220.00,
25.000, 70.00,
27.000, 70.00,
27.333, 60.00,
31.000, 60.00,
31.333, 50.00,
37.000, 50.00,
37.333, 40.00,
43.000, 40.00,
43.333, 30.00,
50.000, 30.00,
50.333, 20.00,
120.000, 20.00,
120.667, 0.00,
-9999.0,
220 25 4:40 Air 1 5 6 6 6 14 133 176:20 2 Z
1.0, 1.0, 0.0,
0.000, 0.00,
2.933, 220.00,
25.000, 220.00,
29.667, 80.00,
30.667, 80.00,
31.000, 70.00,
35.667, 70.00,
36.000, 60.00,
41.667, 60.00,
42.000, 50.00,
47.667, 50.00,
48.000, 40.00,
53.667, 40.00,
54.000, 30.00,
67.667, 30.00,
68.000, 20.00,
200.667, 20.00,
201.333, 0.00,
-9999.0,
220 30 4:20 Air 1 4 5 6 6 10 28 183 248:00 2.5
1.0, 1.0, 0.0,
0.000, 0.00,
2.933, 220.00,
30.000, 220.00,
34.333, 90.00,
35.333, 90.00,
35.667, 80.00,
39.333, 80.00,
39.667, 70.00,
44.333, 70.00,
44.667, 60.00,
50.333, 60.00,
50.667, 50.00,
56.333, 50.00,
56.667, 40.00,
66.333, 40.00,
66.667, 30.00,
94.333, 30.00,
94.667, 20.00,
277.333, 20.00,
278.000, 0.00,
-9999.0,
220 35 4:20 Air 3 5 5 5 10 22 28 251 334:00 3.5
1.0, 1.0, 0.0,
0.000, 0.00,
2.933, 220.00,
35.000, 220.00,
39.333, 90.00,
42.333, 90.00,
42.667, 80.00,
47.333, 80.00,
47.667, 70.00,
52.333, 70.00,
52.667, 60.00,
57.333, 60.00,
57.667, 50.00,
67.333, 50.00,
67.667, 40.00,
89.333, 40.00,
89.667, 30.00,
117.333, 30.00,
117.667, 20.00,
368.333, 20.00,
369.000, 0.00,
-9999.0,
220 40 4:00 Air 1 4 5 5 9 15 26 28 319 416:40 4
1.0, 1.0, 0.0,
0.000, 0.00,
2.933, 220.00,
40.000, 220.00,
44.000, 100.00,
45.000, 100.00,
45.333, 90.00,
49.000, 90.00,
49.333, 80.00,
54.000, 80.00,
54.333, 70.00,
59.000, 70.00,
59.333, 60.00,
68.000, 60.00,
68.333, 50.00,
83.000, 50.00,
83.333, 40.00,
109.000, 40.00,
109.333, 30.00,
137.000, 30.00,
137.333, 20.00,
456.000, 20.00,
456.667, 0.00,
-9999.0,
250 4 7:40 Air 4 12:20 0.5 F
1.0, 1.0, 0.0,
0.000, 0.00,
3.333, 250.00,
4.000, 250.00,
11.667, 20.00,
15.667, 20.00,
16.333, 0.00,
-9999.0,
250 5 7:40 Air 7 15:20 0.5 G
1.0, 1.0, 0.0,
0.000, 0.00,
3.333, 250.00,
5.000, 250.00,
12.667, 20.00,
19.667, 20.00,
20.333, 0.00,
-9999.0,
250 10 6:20 Air 2 2 4 3 15 33:00 0.5 L
1.0, 1.0, 0.0,
0.000, 0.00,
3.333, 250.00,
10.000, 250.00,
16.333, 60.00,
18.333, 60.00,
18.667, 50.00,
20.333, 50.00,
20.667, 40.00,
24.333, 40.00,
24.667, 30.00,
27.333, 30.00,
27.667, 20.00,
42.333, 20.00,
43.000, 0.00,
-9999.0,
250 15 5:40 Air 2 2 3 4 6 7 53 83:20 1 O
1.0, 1.0, 0.0,
0.000, 0.00,
3.333, 250.00,
15.000, 250.00,
20.667, 80.00,
22.667, 80.00,
23.000, 70.00,
24.667, 70.00,
25.000, 60.00,
27.667, 60.00,
28.000, 50.00,
31.667, 50.00,
32.000, 40.00,
37.667, 40.00,
38.000, 30.00,
44.667, 30.00,
45.000, 20.00,
97.667, 20.00,
98.333, 0.00,
-9999.0,
250 20 5:20 Air 2 2 4 6 6 6 11 125 168:00 2 Z
1.0, 1.0, 0.0,
0.000, 0.00,
3.333, 250.00,
20.000, 250.00,
25.333, 90.00,
27.333, 90.00,
27.667, 80.00,
29.333, 80.00,
29.667, 70.00,
33.333, 70.00,
33.667, 60.00,
39.333, 60.00,
39.667, 50.00,
45.333, 50.00,
45.667, 40.00,
51.333, 40.00,
51.667, 30.00,
62.333, 30.00,
62.667, 20.00,
187.333, 20.00,
188.000, 0.00,
-9999.0,
250 25 5:00 Air 1 4 4 5 6 6 10 28 189 258:40 2.5
1.0, 1.0, 0.0,
0.000, 0.00,
3.333, 250.00,
25.000, 250.00,
30.000, 100.00,
31.000, 100.00,
31.333, 90.00,
35.000, 90.00,
35.333, 80.00,
39.000, 80.00,
39.333, 70.00,
44.000, 70.00,
44.333, 60.00,
50.000, 60.00,
50.333, 50.00,
56.000, 50.00,
56.333, 40.00,
66.000, 40.00,
66.333, 30.00,
94.000, 30.00,
94.333, 20.00,
283.000, 20.00,
283.667, 0.00,
-9999.0,
250 30 4:40 Air 1 4 4 4 5 6 9 25 28 267 358:20 3.5
1.0, 1.0, 0.0,
0.000, 0.00,
3.333, 250.00,
30.000, 250.00,
34.667, 110.00,
35.667, 110.00,
36.000, 100.00,
39.667, 100.00,
40.000, 90.00,
43.667, 90.00,
44.000, 80.00,
47.667, 80.00,
48.000, 70.00,
52.667, 70.00,
53.000, 60.00,
58.667, 60.00,
59.000, 50.00,
67.667, 50.00,
68.000, 40.00,
92.667, 40.00,
93.000, 30.00,
120.667, 30.00,
121.000, 20.00,
387.667, 20.00,
388.333, 0.00,
-9999.0,
250 35 4:40 Air 3 4 4 5 5 10 19 26 28 363 472:20 4
1.0, 1.0, 0.0,
0.000, 0.00,
3.333, 250.00,
35.000, 250.00,
39.667, 110.00,
42.667, 110.00,
43.000, 100.00,
46.667, 100.00,
47.000, 90.00,
50.667, 90.00,
51.000, 80.00,
55.667, 80.00,
56.000, 70.00,
60.667, 70.00,
61.000, 60.00,
70.667, 60.00,
71.000, 50.00,
89.667, 50.00,
90.000, 40.00,
115.667, 40.00,
116.000, 30.00,
143.667, 30.00,
144.000, 20.00,
506.667, 20.00,
507.333, 0.00,
-9999.0,
300 4 9:00 Air 3 7 19:40 0.5 G
1.0, 1.0, 0.0,
0.000, 0.00,
4.000, 300.00,
4.000, 300.00,
13.000, 30.00,
16.000, 30.00,
16.333, 20.00,
23.000, 20.00,
23.667, 0.00,
-9999.0,
300 5 8:40 Air 3 3 8 23:20 0.5 I
1.0, 1.0, 0.0,
0.000, 0.00,
4.000, 300.00,
5.000, 300.00,
13.667, 40.00,
16.667, 40.00,
17.000, 30.00,
19.667, 30.00,
20.000, 20.00,
27.667, 20.00,
28.333, 0.00,
-9999.0,
300 10 7:20 Air 2 3 2 3 4 7 35 64:00 1 N
1.0, 1.0, 0.0,
0.000, 0.00,
4.000, 300.00,
10.000, 300.00,
17.333, 80.00,
19.333, 80.00,
19.667, 70.00,
22.333, 70.00,
22.667, 60.00,
24.333, 60.00,
24.667, 50.00,
27.333, 50.00,
27.667, 40.00,
31.333, 40.00,
31.667, 30.00,
38.333, 30.00,
38.667, 20.00,
73.333, 20.00,
74.000, 0.00,
-9999.0,
300 15 6:20 Air 1 2 2 3 3 5 6 7 11 125 172:00 2 Z
1.0, 1.0, 0.0,
0.000, 0.00,
4.000, 300.00,
15.000, 300.00,
21.333, 110.00,
22.333, 110.00,
22.667, 100.00,
24.333, 100.00,
24.667, 90.00,
26.333, 90.00,
26.667, 80.00,
29.333, 80.00,
29.667, 70.00,
32.333, 70.00,
32.667, 60.00,
37.333, 60.00,
37.667, 50.00,
43.333, 50.00,
43.667, 40.00,
50.333, 40.00,
50.667, 30.00,
61.333, 30.00,
61.667, 20.00,
186.333, 20.00,
187.000, 0.00,
-9999.0,
300 20 6:00 Air 2 2 2 4 5 5 5 6 16 28 219 300:40 3
1.0, 1.0, 0.0,
0.000, 0.00,
4.000, 300.00,
20.000, 300.00,
26.000, 120.00,
28.000, 120.00,
28.333, 110.00,
30.000, 110.00,
30.333, 100.00,
32.000, 100.00,
32.333, 90.00,
36.000, 90.00,
36.333, 80.00,
41.000, 80.00,
41.333, 70.00,
46.000, 70.00,
46.333, 60.00,
51.000, 60.00,
51.333, 50.00,
57.000, 50.00,
57.333, 40.00,
73.000, 40.00,
73.333, 30.00,
101.000, 30.00,
101.333, 20.00,
320.000, 20.00,
320.667, 0.00,
-9999.0,
300 25 5:40 Air 1 3 4 4 4 5 5 5 18 26 28 324 433:20 4
1.0, 1.0, 0.0,
0.000, 0.00,
4.000, 300.00,
25.000, 300.00,
30.667, 130.00,
31.667, 130.00,
32.000, 120.00,
34.667, 120.00,
35.000, 110.00,
38.667, 110.00,
39.000, 100.00,
42.667, 100.00,
43.000, 90.00,
46.667, 90.00,
47.000, 80.00,
51.667, 80.00,
52.000, 70.00,
56.667, 70.00,
57.000, 60.00,
61.667, 60.00,
62.000, 50.00,
79.667, 50.00,
80.000, 40.00,
105.667, 40.00,
106.000, 30.00,
133.667, 30.00,
134.000, 20.00,
457.667, 20.00,
458.333, 0.00,
-9999.0,
